# rr [mm/day] 24-hr summed precipitation
# coordinates:  36.32N,   30.15E,      2.0m; ECA station code:        347 FINIKE TR
# institution :: KNMI
# source_url :: http://www.ecad.eu/
# contact_email :: eca@knmi.nl
# reference :: Klein Tank et al. (2002) Daily dataset of 20th-centurysurface air temperature and precipitation series for the European Climate Assessment, Intern. J. Climatol. 22:1441-1453. doi:10.1002/joc.773
# license :: Data is strictly for non-commercial research and education only. See http://www.ecad.eu/documents/ECAD_datapolicy.pdf
# station_code :: 347
# station_name :: FINIKE
# station_country :: TR
# station_metadata :: http://www.ecad.eu/utils/stationdetail.php?stationid=347
# latitude ::   36.32 degrees_north
# longitude ::   30.15 degrees_east
# elevation ::      2.0 m
# climexp_url :: https://climexp.knmi.nl/ecaprcp.cgi?WMO=347
# timestamp :: Wed Feb 14 17:48:32 2018
# history ::  2018-12-07 21:47:33 ./ECAData/ecaprcp 347\n
1953  9  8     2.0
1953  9 14     6.0
1953 10 10     0.0
1953 10 21     0.0
1953 10 23     3.0
1953 11  2    15.0
1953 11  4    15.0
1953 11  7    72.0
1953 11 13     0.0
1953 11 18     7.0
1953 11 24     1.0
1953 11 25    16.0
1953 11 26     0.0
1953 12 11     0.0
1953 12 12     0.0
1953 12 18    13.0
1953 12 23     7.0
1953 12 24   148.0
1953 12 25    30.0
1953 12 26     2.0
1953 12 28     7.0
1953 12 29     1.0
1953 12 30    43.0
1953 12 31    46.0
1954  1  1    20.0
1954  1  2    20.0
1954  1  7     0.0
1954  1  8     5.0
1954  1  9     0.0
1954  1 10    28.0
1954  1 11    24.0
1954  1 12     2.0
1954  1 13    15.0
1954  1 14     3.0
1954  1 15     0.0
1954  1 16    22.0
1954  1 17     8.0
1954  1 19    23.0
1954  1 20     8.0
1954  1 24    10.0
1954  1 26    16.0
1954  1 29    12.0
1954  1 30    48.0
1954  2  3     4.0
1954  2  4     0.0
1954  2  7    10.0
1954  2  9    13.0
1954  2 10    20.0
1954  2 11     0.0
1954  2 14    19.0
1954  2 15     6.0
1954  2 18     3.0
1954  2 19   118.0
1954  2 23     9.0
1954  2 24     0.0
1954  2 25     2.0
1954  2 26     0.0
1954  3  6     0.0
1954  3  9    30.0
1954  3 10     0.0
1954  3 13     0.0
1954  3 17     3.0
1954  3 22     0.0
1954  3 23     6.0
1954  3 31     8.0
1954  4  1    20.0
1954  4 10     8.0
1954  4 14    14.0
1954  4 16     5.0
1954  4 17     5.0
1954  4 20    27.0
1954  4 25     0.0
1954  5  8    14.0
1954  5  9    11.0
1954  5 11     0.0
1954  5 16     0.0
1954  5 31     2.0
1954  6 18     0.0
1954  6 27     0.0
1954  6 30     6.0
1954  8  9     0.0
1954  9  5     0.0
1954 10 21     7.0
1954 10 22     0.0
1954 10 24     0.0
1954 10 26    11.0
1954 10 27     0.0
1954 10 28    69.0
1954 10 29    62.0
1954 10 30    46.0
1954 10 31    14.0
1954 11  4    40.0
1954 11  5     0.0
1954 11  6     0.0
1954 11  7    19.0
1954 11  8     8.0
1954 11 17    31.0
1954 11 18    28.0
1954 11 19     7.0
1954 11 20    45.0
1954 11 21     6.0
1954 11 24     0.0
1954 12  7    39.0
1954 12  8    20.0
1954 12  9     0.0
1954 12 10    21.0
1954 12 14     4.0
1954 12 15    69.0
1954 12 16    57.0
1954 12 17     4.0
1954 12 18    15.0
1954 12 19    12.0
1954 12 20     3.0
1954 12 22    42.0
1954 12 23    12.0
1954 12 24    39.0
1954 12 25    24.0
1954 12 26     0.0
1954 12 29     5.0
1955  1  1    27.0
1955  1  2     0.0
1955  1  7     8.0
1955  1 10    22.0
1955  1 11     3.0
1955  1 12    43.0
1955  1 15     6.0
1955  1 16    17.0
1955  1 20     0.0
1955  1 22     9.0
1955  1 23    70.0
1955  1 25     0.0
1955  2  3     3.0
1955  2  4    36.0
1955  2  5     9.0
1955  2  6     7.0
1955  2  9     0.0
1955  2 10    30.0
1955  2 11    14.0
1955  2 16     0.0
1955  2 22     0.0
1955  3  5     5.0
1955  3 11     0.0
1955  3 14     5.0
1955  3 15     0.0
1955  3 18     2.0
1955  4  8     0.0
1955  4  9     0.0
1955  4 12     0.0
1955  4 13    35.0
1955  4 16    10.0
1955  4 21     4.0
1955  4 24     0.0
1955  5  2    19.0
1955  5  3     0.0
1955  5  6     0.0
1955  7 21     0.0
1955  9  4     0.0
1955 10  3     0.0
1955 10 16     4.0
1955 10 17     0.0
1955 10 27    12.0
1955 10 28     0.0
1955 10 31     2.0
1955 12 11     0.0
1955 12 14     0.0
1955 12 17     6.0
1955 12 24     3.0
1955 12 25   151.0
1955 12 26     3.0
1955 12 27    10.0
1955 12 28     2.0
1955 12 29     3.0
1955 12 30     0.0
1956  1  3    37.0
1956  1  5     0.0
1956  1  6     5.0
1956  1  7     7.0
1956  1  8    29.0
1956  1  9    22.0
1956  1 18     3.0
1956  1 26     2.0
1956  1 27     5.0
1956  1 28     1.0
1956  1 29     0.0
1956  2  1    22.0
1956  2  2    11.0
1956  2  3    10.0
1956  2  4    65.0
1956  2  5     2.0
1956  2  6     5.0
1956  2  7     4.0
1956  2  8    35.0
1956  2  9     3.0
1956  2 12     3.0
1956  2 13    15.0
1956  2 14     0.0
1956  2 15    32.0
1956  2 16     1.0
1956  2 17     8.0
1956  2 18     8.0
1956  2 20     0.0
1956  2 21     0.0
1956  2 27     0.0
1956  2 28     1.0
1956  3  1    11.0
1956  3  6     0.0
1956  3  7     6.0
1956  3  8     0.0
1956  3 10    19.0
1956  3 11    11.0
1956  3 15     3.0
1956  3 16     1.0
1956  3 19     0.0
1956  3 23     0.0
1956  3 27     1.0
1956  3 28     2.0
1956  3 29    18.0
1956  4  3     0.0
1956  4  5     2.0
1956  5  3     0.0
1956  5  4     2.0
1956  5  5     3.0
1956  5  6     1.0
1956  5  7     1.0
1956  5 13     4.0
1956  6  1     4.0
1956 10 10     0.0
1956 10 11     3.0
1956 11  6    13.0
1956 11 21     0.0
1956 11 26     2.0
1956 12  1    24.0
1956 12  3     9.0
1956 12  5     1.0
1956 12 13     9.0
1956 12 14     0.0
1956 12 15     3.0
1956 12 24     0.0
1956 12 25    97.0
1956 12 26    37.0
1956 12 27    30.0
1956 12 30    18.0
1956 12 31     4.0
1957  1  5     2.0
1957  1  9    12.0
1957  1 10     5.0
1957  1 13     7.0
1957  1 14    11.0
1957  1 15     6.0
1957  1 16     0.0
1957  1 17     4.0
1957  1 18     4.0
1957  1 19     1.0
1957  1 25     2.0
1957  1 26     5.0
1957  1 31     1.0
1957  2 10     4.0
1957  2 12     2.0
1957  2 15     0.0
1957  2 23     1.0
1957  2 24     0.0
1957  2 25     8.0
1957  3  1     3.0
1957  3  2    17.0
1957  3  3    11.0
1957  3  9     0.0
1957  3 10     9.0
1957  3 13     1.0
1957  3 14    15.0
1957  3 23    10.0
1957  3 24     3.0
1957  3 28     1.0
1957  3 29     5.0
1957  3 30    19.0
1957  4  1     1.0
1957  4  9     0.0
1957  4 19     1.0
1957  4 20     7.0
1957  4 21     5.0
1957  4 28     1.0
1957  4 29     1.0
1957  5  6     4.0
1957  5  8    27.0
1957  5 16     1.0
1957  5 17     7.0
1957  5 18     1.0
1957  5 20     6.0
1957  5 23     0.0
1957  5 24     7.0
1957  5 25     5.0
1957  5 26     3.0
1957  6  8     0.0
1957  6 13     2.0
1957  6 14     0.0
1957  6 15     1.0
1957  7  3     2.0
1957  7 15     9.0
1957  9  7     0.0
1957 10 10     0.0
1957 10 16     2.0
1957 10 17     0.0
1957 10 18    17.0
1957 10 19     3.0
1957 10 20     6.0
1957 10 21    25.0
1957 10 28     1.0
1957 10 30     8.0
1957 11  3     2.0
1957 11  5     1.0
1957 11  6     1.0
1957 11 12    25.0
1957 11 13     3.0
1957 11 14     5.0
1957 11 16     2.0
1957 11 17     0.0
1957 11 27     1.0
1957 12  1    30.0
1957 12  2    28.0
1957 12  3     3.0
1957 12  4     9.0
1957 12  5     1.0
1957 12  6    19.0
1957 12 10     7.0
1957 12 11     7.0
1957 12 19     1.0
1957 12 21     1.0
1957 12 24    14.0
1958  1  2    32.0
1958  1  3    16.0
1958  1  4    25.0
1958  1  6    14.0
1958  1  8    19.0
1958  1  9    71.0
1958  1 12     5.0
1958  1 13    57.0
1958  1 14     3.0
1958  1 15     8.0
1958  1 19     7.0
1958  1 20    52.0
1958  1 21     7.0
1958  1 23     9.0
1958  1 24    92.0
1958  1 25     3.0
1958  1 26     6.0
1958  1 27     8.0
1958  1 28     3.0
1958  1 29     1.0
1958  1 30     3.0
1958  2  7     3.0
1958  2  8    17.0
1958  2  9    14.0
1958  2 19     1.0
1958  2 21     2.0
1958  2 24    15.0
1958  3  2     0.0
1958  3  3    24.0
1958  3  4     5.0
1958  3  8     1.0
1958  3 14     5.0
1958  3 15     8.0
1958  3 16    80.0
1958  3 17    39.0
1958  3 23    13.0
1958  3 26     0.0
1958  3 28     3.0
1958  4  4     5.0
1958  4 11     0.0
1958  4 15     0.0
1958  4 19     4.0
1958  4 21     5.0
1958  5 14     6.0
1958  5 15     0.0
1958  5 30     5.0
1958  5 31     0.0
1958  6  8    11.0
1958  6 18     2.0
1958  7 13     4.0
1958  7 18     0.0
1958  9  5     5.0
1958  9  7     0.0
1958  9  8     1.0
1958  9 10     1.0
1958 10 17     9.0
1958 10 21    18.0
1958 11 11     6.0
1958 11 12     3.0
1958 11 13     5.0
1958 11 15     0.0
1958 11 16     0.0
1958 11 18     0.0
1958 11 28     3.0
1958 11 29     2.0
1958 12  2     0.0
1958 12  3     0.0
1958 12  4     1.0
1958 12  5     7.0
1958 12  6    32.0
1958 12  7    62.0
1958 12  8     2.0
1958 12  9     1.0
1958 12 13    96.0
1958 12 17    22.0
1958 12 27     6.0
1958 12 30     2.0
1959  1  4    39.0
1959  1  5    49.0
1959  1 13    81.0
1959  1 15    89.0
1959  1 17    37.0
1959  1 26    28.0
1959  1 27    38.0
1959  1 28    13.0
1959  1 29    19.0
1959  1 30     9.0
1959  2  9     0.0
1959  2 18     3.0
1959  2 19     5.0
1959  2 23    21.0
1959  2 27     0.0
1959  3 15     0.0
1959  3 16     1.0
1959  3 17     0.0
1959  3 21     0.0
1959  3 22     0.0
1959  4  5     7.0
1959  4  6     0.0
1959  4 14     0.0
1959  4 15     0.0
1959  4 25     0.0
1959  4 28     0.0
1959  5  8     0.0
1959  5 12     0.0
1959  5 18    11.0
1959  5 19     0.0
1959  5 20     0.0
1959  5 21     0.0
1959  5 31     0.0
1959  6  1     0.0
1959  6  6     0.0
1959  6  8     0.0
1959  6 11     0.0
1959  7 24     1.0
1959  9 14     9.0
1959  9 21     1.0
1959 10 11     7.0
1959 10 12     0.0
1959 10 14    13.0
1959 10 15     2.0
1959 10 19     0.0
1959 10 25     5.0
1959 10 26    63.0
1959 10 27     1.0
1959 11  5     1.0
1959 11  6     0.0
1959 11  9     9.0
1959 11 10    13.0
1959 11 11    31.0
1959 11 15    13.0
1959 11 17     1.0
1959 11 22     9.0
1959 12  5    26.0
1959 12  6     8.0
1959 12  8    12.0
1959 12 17     1.0
1959 12 19     8.0
1959 12 20    24.0
1959 12 21    20.0
1959 12 22     2.0
1959 12 23    11.0
1959 12 24    57.0
1959 12 27     5.0
1959 12 29     5.0
1959 12 30    38.0
1959 12 31    40.0
1960  1  1    16.0
1960  1  2     4.0
1960  1  5    85.0
1960  1  6    64.0
1960  1  7    15.0
1960  1  8    23.0
1960  1  9     0.0
1960  1 11     5.0
1960  1 12     6.0
1960  1 13     0.0
1960  1 14     3.0
1960  1 17     4.0
1960  1 19     2.0
1960  2  2     6.0
1960  2  3     0.0
1960  2  4     3.0
1960  2  6     9.0
1960  2  7     8.0
1960  2  9     0.0
1960  2 12    35.0
1960  2 18     0.0
1960  2 25    38.0
1960  3  3    27.0
1960  3  4     1.0
1960  3  5    14.0
1960  3  6    13.0
1960  3  7    15.0
1960  3  8     8.0
1960  3 10     1.0
1960  3 14    10.0
1960  3 15     0.0
1960  3 20     1.0
1960  3 21     0.0
1960  3 22     3.0
1960  3 23     9.0
1960  3 24     0.0
1960  5 10     1.0
1960  5 11    20.0
1960  5 12    13.0
1960  5 28     1.0
1960  5 29     0.0
1960  6  2     3.0
1960  6  3     1.0
1960  6  4     0.0
1960  9 27     5.0
1960  9 28     2.0
1960 10  9     1.0
1960 10 19    10.0
1960 10 20    13.0
1960 11 17    29.0
1960 11 26    42.0
1960 11 27    10.0
1960 12  9    13.0
1960 12 10     2.0
1960 12 12    33.0
1960 12 13    25.0
1960 12 14    57.0
1960 12 15     3.0
1960 12 20    39.0
1960 12 21    38.0
1960 12 23     7.0
1960 12 24     1.0
1960 12 25   152.0
1960 12 26     1.0
1960 12 27     1.0
1960 12 28    55.0
1960 12 29     7.0
1960 12 30    15.0
1960 12 31    19.0
1961  1  1    46.0
1961  1  2     1.0
1961  1  5     6.0
1961  1  8    33.0
1961  1  9    28.0
1961  1 10    34.0
1961  1 11    14.0
1961  1 16     2.0
1961  1 17    10.0
1961  1 18     3.0
1961  1 19     1.0
1961  1 21     1.0
1961  1 23     4.0
1961  1 25     7.0
1961  1 26    37.0
1961  1 28     6.0
1961  2  3    65.0
1961  2  4     4.0
1961  2  5    11.0
1961  2  6     5.0
1961  2  7    30.0
1961  2  8     5.0
1961  2  9    20.0
1961  2 10    29.0
1961  2 11     4.0
1961  2 12     9.0
1961  2 13     1.0
1961  2 14     4.0
1961  2 15     1.0
1961  3  1    14.0
1961  3  4     1.0
1961  3  7     3.0
1961  3 19     5.0
1961  3 29     4.0
1961  4  7     0.0
1961  4 11     0.0
1961  4 12     1.0
1961  4 14     1.0
1961  4 29    15.0
1961  5  7     3.0
1961  6 21     8.0
1961  7 28     2.0
1961  9 24     1.0
1961 10 12     3.0
1961 10 13     5.0
1961 10 28    53.0
1961 10 29     0.0
1961 11  3     9.0
1961 11  7    15.0
1961 11 10     3.0
1961 11 19    12.0
1961 12  4     0.0
1961 12  5    11.0
1961 12  8    19.0
1961 12  9    39.0
1961 12 10    16.0
1961 12 11     1.0
1961 12 16    14.0
1961 12 17    22.0
1961 12 18     4.0
1961 12 19     9.0
1961 12 20     1.0
1961 12 21     0.0
1961 12 25     7.0
1961 12 26    88.0
1961 12 27    13.0
1961 12 30    12.0
1961 12 31    16.0
1962  1  5    12.0
1962  1  6     5.0
1962  1  8     0.0
1962  1  9     0.0
1962  1 10     5.0
1962  1 11     2.0
1962  1 13     0.0
1962  1 14    32.0
1962  1 15     2.0
1962  1 20     5.0
1962  1 25     3.0
1962  1 28    19.0
1962  1 29     0.0
1962  1 30    17.0
1962  1 31    25.0
1962  2  1     0.0
1962  2  2    13.0
1962  2  3     6.0
1962  2  4    15.0
1962  2  5     1.0
1962  2  6     5.0
1962  2  8    27.0
1962  2 14    13.0
1962  2 15    38.0
1962  2 16    22.0
1962  2 17     2.0
1962  2 20     5.0
1962  2 23     2.0
1962  2 25     1.0
1962  2 26    16.0
1962  3  3     3.0
1962  3 10    23.0
1962  3 16     6.0
1962  3 17     5.0
1962  3 19     7.0
1962  4  4     4.0
1962  4  9     0.0
1962  4 14     3.0
1962  4 17    13.0
1962  4 18     3.0
1962  4 19     2.0
1962  4 26     1.0
1962  4 27     0.0
1962  5  6     6.0
1962  5  7    64.0
1962  5  8    18.0
1962  5  9     0.0
1962  5 28     0.0
1962  9 26     5.0
1962  9 27    21.0
1962 10  4     1.0
1962 10  7     5.0
1962 10  8     6.0
1962 10  9     2.0
1962 10 13     3.0
1962 10 27     7.0
1962 10 28    14.0
1962 10 29     1.0
1962 11 11     0.0
1962 11 19     6.0
1962 11 20     1.0
1962 11 22     2.0
1962 11 23     0.0
1962 12  2     1.0
1962 12  4    58.0
1962 12  5     1.0
1962 12  6     1.0
1962 12  8     6.0
1962 12  9     0.0
1962 12 11     1.0
1962 12 12    63.0
1962 12 13    30.0
1962 12 15     1.0
1962 12 16    11.0
1962 12 18    23.0
1962 12 19    31.0
1962 12 20    10.0
1962 12 21    15.0
1962 12 22    32.0
1962 12 23    20.0
1962 12 24    27.0
1962 12 25     0.0
1962 12 29    43.0
1962 12 31     0.0
1963  1  1     2.0
1963  1  2     4.0
1963  1 10     1.0
1963  1 14     0.0
1963  1 16     1.0
1963  1 17     7.0
1963  1 21     9.0
1963  1 22    21.0
1963  1 23    14.0
1963  1 24     1.0
1963  1 25    27.0
1963  1 26     3.0
1963  1 27     2.0
1963  1 29    15.0
1963  1 30    16.0
1963  1 31     8.0
1963  2  1     7.0
1963  2  7     7.0
1963  2  8    37.0
1963  2  9    58.0
1963  2 11     9.0
1963  2 12     1.0
1963  2 14     6.0
1963  2 15     1.0
1963  2 16    12.0
1963  2 17     5.0
1963  2 20     3.0
1963  2 21    12.0
1963  2 22    42.0
1963  2 23     4.0
1963  2 27     1.0
1963  2 28     2.0
1963  3  1    26.0
1963  3  3     5.0
1963  3  4     7.0
1963  3 15     3.0
1963  3 19     6.0
1963  3 20     4.0
1963  3 21    16.0
1963  3 29     7.0
1963  3 30    32.0
1963  4  4     2.0
1963  4 10     1.0
1963  4 23     2.0
1963  4 24     2.0
1963  4 27    17.0
1963  4 28     7.0
1963  5  4     6.0
1963  5  5     0.0
1963  5 10     2.0
1963  5 11     0.0
1963  5 16     7.0
1963  5 19     8.0
1963  5 22     0.0
1963  5 28     0.0
1963  5 31     1.0
1963  6 11     9.0
1963  7  2     0.0
1963  7  6    21.0
1963 10 20     9.0
1963 10 28     2.0
1963 10 29     3.0
1963 10 30     1.0
1963 10 31    13.0
1963 11  1     6.0
1963 11 23     9.0
1963 11 24     1.0
1963 11 30    37.0
1963 12  1     0.0
1963 12  6     9.0
1963 12  7    42.0
1963 12  8    12.0
1963 12 12     9.0
1963 12 13    16.0
1963 12 14    11.0
1963 12 15    16.0
1963 12 18     3.0
1963 12 20     5.0
1964  1  2     1.0
1964  1 25     5.0
1964  1 30    10.0
1964  1 31    38.0
1964  2  1    27.0
1964  2  3     7.0
1964  2  4    13.0
1964  2  7     4.0
1964  2  8     3.0
1964  2 17    17.0
1964  2 18     7.0
1964  2 20     1.0
1964  2 21     4.0
1964  2 22    18.0
1964  2 23     8.0
1964  2 24     3.0
1964  2 25     0.0
1964  2 28    56.0
1964  2 29     4.0
1964  3  2    18.0
1964  3  6     4.0
1964  3 15    19.0
1964  3 18     0.0
1964  3 25    17.0
1964  3 26     5.0
1964  4 13     4.0
1964  5  8     1.0
1964  5 10     5.0
1964  6 16     2.0
1964  6 28     3.0
1964  9 25     2.0
1964  9 26     6.0
1964 11 15     1.0
1964 11 17    31.0
1964 11 18     6.0
1964 11 20    18.0
1964 11 21     0.0
1964 11 24     0.0
1964 11 30     7.0
1964 12  1     0.0
1964 12  5    19.0
1964 12  6     2.0
1964 12  7     7.0
1964 12  9    28.0
1964 12 10     5.0
1964 12 11     4.0
1964 12 12     0.0
1964 12 21     5.0
1964 12 22    17.0
1964 12 23     2.0
1964 12 26     1.0
1964 12 27     1.0
1964 12 28     1.0
1964 12 29     4.0
1964 12 30    12.0
1965  1  3     1.0
1965  1  4    91.0
1965  1  5     4.0
1965  1  6     5.0
1965  1 17    16.0
1965  1 18   118.0
1965  1 19   159.0
1965  1 20    18.0
1965  1 21    22.0
1965  1 22     5.0
1965  1 23    18.0
1965  1 24     0.0
1965  1 25    36.0
1965  1 26    15.0
1965  1 27     1.0
1965  1 28     1.0
1965  2  4    50.0
1965  2  5     4.0
1965  2  6     0.0
1965  2  7    18.0
1965  2  8    15.0
1965  2  9     7.0
1965  2 11     2.0
1965  2 14     2.0
1965  2 16     6.0
1965  2 17     3.0
1965  2 18    15.0
1965  2 22     4.0
1965  2 26    20.0
1965  2 28    21.0
1965  3 12     2.0
1965  3 21    18.0
1965  3 22    10.0
1965  3 25     2.0
1965  3 26    14.0
1965  3 27    12.0
1965  3 28     0.0
1965  3 29    16.0
1965  3 30    16.0
1965  3 31     3.0
1965  4  1     1.0
1965  4  3     1.0
1965  4 11    15.0
1965  4 12     5.0
1965  4 17    14.0
1965  4 21     0.0
1965  5  7    18.0
1965  5  8    26.0
1965  5  9     0.0
1965  5 10     2.0
1965  5 13     1.0
1965  5 16     2.0
1965  5 17     1.0
1965  6 17     0.0
1965  6 20     1.0
1965 10  6     2.0
1965 10  7     5.0
1965 10  8     3.0
1965 10 11    10.0
1965 10 12    60.0
1965 10 13     6.0
1965 10 14     5.0
1965 10 23     0.0
1965 10 24     2.0
1965 11 12    11.0
1965 11 15    48.0
1965 11 16     2.0
1965 11 17     1.0
1965 11 21     2.0
1965 11 22     0.0
1965 11 26    15.0
1965 11 30     0.0
1965 12  3     5.0
1965 12  4     2.0
1965 12  5     6.0
1965 12  6    93.0
1965 12 12    13.0
1965 12 13    38.0
1965 12 14     1.0
1965 12 16     5.0
1965 12 22    40.0
1965 12 23    42.0
1965 12 24     1.0
1965 12 25     1.0
1965 12 26   132.0
1965 12 27    16.0
1966  1  2     5.0
1966  1  4     8.0
1966  1  5    19.0
1966  1  6     7.0
1966  1  7     1.0
1966  1  8     2.0
1966  1  9    16.0
1966  1 13    14.0
1966  1 14     5.0
1966  1 15     2.0
1966  1 17     4.0
1966  1 18     8.0
1966  1 19     9.0
1966  1 20     0.0
1966  1 21     9.0
1966  1 22    47.0
1966  1 23    86.0
1966  1 24    41.0
1966  1 25    26.0
1966  1 26     5.0
1966  1 28    26.0
1966  1 29    58.0
1966  1 30     7.0
1966  2  9     1.0
1966  2 12     3.0
1966  2 14    16.0
1966  2 16     5.0
1966  3 11     9.0
1966  3 12     2.0
1966  3 13     1.0
1966  3 15     5.0
1966  3 16     0.0
1966  3 17    13.0
1966  3 18     4.0
1966  3 19    15.0
1966  3 22    11.0
1966  3 25    11.0
1966  3 26    25.0
1966  3 27    26.0
1966  3 28     0.0
1966  3 30     2.0
1966  4  8     2.0
1966  4 12     1.0
1966  4 20     1.0
1966  5 18     3.0
1966  5 25     7.0
1966  8 31     6.0
1966  9 23     1.0
1966  9 24     0.0
1966  9 25     1.0
1966  9 27     0.0
1966 10 17     1.0
1966 10 18     0.0
1966 11  9     8.0
1966 11 10     5.0
1966 11 11     5.0
1966 11 15     2.0
1966 11 16     2.0
1966 11 17    29.0
1966 11 18     8.0
1966 11 29    10.0
1966 12  1    27.0
1966 12  4     0.0
1966 12  5     1.0
1966 12  8    23.0
1966 12  9    28.0
1966 12 10    20.0
1966 12 11    23.0
1966 12 13     1.0
1966 12 14     2.0
1966 12 15     1.0
1966 12 16    14.0
1966 12 17    13.0
1966 12 19     2.0
1966 12 22     2.0
1966 12 23    80.0
1966 12 24    45.0
1966 12 25    15.0
1966 12 27     2.0
1967  1  1    24.0
1967  1  2    94.0
1967  1  3     8.0
1967  1  4     8.0
1967  1  5     6.0
1967  1  6    10.0
1967  1  7     8.0
1967  1  8    18.0
1967  1  9     5.0
1967  1 10     3.0
1967  1 11    80.0
1967  1 15     0.0
1967  1 26    42.0
1967  1 27    10.0
1967  1 28     0.0
1967  1 29    20.0
1967  2  8     9.0
1967  2  9    39.0
1967  2 10    49.0
1967  2 11    29.0
1967  2 15     2.0
1967  2 16     1.0
1967  2 17    10.0
1967  2 18     2.0
1967  2 20    17.0
1967  2 21     6.0
1967  3  3     3.0
1967  3  4     9.0
1967  3 15     8.0
1967  3 16    21.0
1967  3 17     1.0
1967  3 18     5.0
1967  3 19    36.0
1967  3 20     7.0
1967  3 21    11.0
1967  3 22     1.0
1967  3 23     0.0
1967  3 24     5.0
1967  3 26     2.0
1967  4  3    64.0
1967  4  4     5.0
1967  4  5     4.0
1967  4  6    35.0
1967  4  7    30.0
1967  4 20     1.0
1967  4 21     0.0
1967  4 23    43.0
1967  4 24     1.0
1967  4 26     2.0
1967  5  1     3.0
1967  5  3     0.0
1967  5  5     0.0
1967  5  7     0.0
1967  5 13     1.0
1967  5 20     0.0
1967  5 22     1.0
1967  6  7     2.0
1967  9  7     1.0
1967  9  8     4.0
1967 10  7    26.0
1967 10 24    22.0
1967 10 25     2.0
1967 10 26    12.0
1967 10 29     5.0
1967 10 30     1.0
1967 10 31     9.0
1967 11  1     3.0
1967 11  2    17.0
1967 11  3    93.0
1967 11  4   101.0
1967 11  6     0.0
1967 11 20     0.0
1967 11 21     9.0
1967 11 26     1.0
1967 11 28     1.0
1967 11 29     2.0
1967 12  6    27.0
1967 12  7    12.0
1967 12  8    52.0
1967 12  9     4.0
1967 12 10     8.0
1967 12 12     1.0
1967 12 13     0.0
1967 12 14     2.0
1967 12 16     8.0
1967 12 17    15.0
1967 12 18     6.0
1967 12 20     8.0
1967 12 21    12.0
1967 12 22     8.0
1967 12 26     5.0
1967 12 28    13.0
1967 12 29     9.0
1967 12 30     7.0
1967 12 31     9.0
1968  1  3   115.0
1968  1  4    10.0
1968  1  5     8.0
1968  1  6    32.0
1968  1  8    18.0
1968  1  9    16.0
1968  1 10    19.0
1968  1 11     3.0
1968  1 12     4.0
1968  1 13    23.0
1968  1 14     0.0
1968  1 19     3.0
1968  1 20    10.0
1968  1 21    20.0
1968  1 25     0.0
1968  1 26    10.0
1968  1 27    38.0
1968  1 28    17.0
1968  1 31     3.0
1968  2  5    14.0
1968  2  6     8.0
1968  2  7    18.0
1968  2  8     1.0
1968  2 12     8.0
1968  2 13     1.0
1968  2 14     0.0
1968  2 18     4.0
1968  2 19    32.0
1968  2 20     0.0
1968  2 21     0.0
1968  2 27     0.0
1968  2 28    10.0
1968  2 29     2.0
1968  3  1    33.0
1968  3  3     2.0
1968  3  4     1.0
1968  3  5     9.0
1968  3  7     3.0
1968  3  9     5.0
1968  3 12    25.0
1968  3 13     0.0
1968  3 14     1.0
1968  3 27     0.0
1968  3 28     5.0
1968  4 20    17.0
1968  4 21    41.0
1968  4 22     5.0
1968  5 14     5.0
1968  5 18     4.0
1968  5 20     0.0
1968  6  5     1.0
1968  6 15     3.0
1968  6 18     1.0
1968  9  3    38.0
1968  9 12     1.0
1968  9 26    36.0
1968  9 27     4.0
1968 10  3    15.0
1968 10  4     0.0
1968 10  5     0.0
1968 10 14    28.0
1968 10 21     0.0
1968 10 22     0.0
1968 10 24     0.0
1968 10 28    32.0
1968 10 29    78.0
1968 10 30     0.0
1968 11  7    18.0
1968 11  8     6.0
1968 11  9     0.0
1968 11 12     0.0
1968 11 13    22.0
1968 11 14    46.0
1968 11 16     1.0
1968 11 22     4.0
1968 11 23    32.0
1968 11 24    32.0
1968 11 25    13.0
1968 11 27    25.0
1968 11 28    16.0
1968 11 29     1.0
1968 11 30     6.0
1968 12  2     0.0
1968 12  3    26.0
1968 12  4     0.0
1968 12  5     0.0
1968 12  6    10.0
1968 12  7    10.0
1968 12  8     2.0
1968 12 10    26.0
1968 12 11    32.0
1968 12 12     5.0
1968 12 14    29.0
1968 12 15     2.0
1968 12 16     5.0
1968 12 17     1.0
1968 12 19     1.0
1968 12 22     9.0
1968 12 23     2.0
1968 12 24     0.0
1968 12 25    22.0
1968 12 26    27.0
1968 12 27     1.0
1968 12 28    23.0
1968 12 29     1.0
1968 12 30     0.0
1968 12 31     1.0
1969  1  2     1.0
1969  1  3     2.0
1969  1  4    81.0
1969  1  5    16.0
1969  1 11    12.0
1969  1 12   154.0
1969  1 16    26.0
1969  1 17   206.0
1969  1 18    39.0
1969  1 19     6.0
1969  1 20    57.0
1969  1 21    30.0
1969  1 22     2.0
1969  1 28     3.0
1969  1 29     0.0
1969  1 31    12.0
1969  2  1     0.0
1969  2  7     6.0
1969  2  8     3.0
1969  2 11     0.0
1969  2 12    10.0
1969  2 14     0.0
1969  2 15     6.0
1969  2 16     0.0
1969  2 18     2.0
1969  2 22    20.0
1969  2 23     3.0
1969  2 25     0.0
1969  2 26     3.0
1969  2 27     1.0
1969  3  1     2.0
1969  3  2     2.0
1969  3  5     0.0
1969  3  6     0.0
1969  3  8    15.0
1969  3 10     1.0
1969  3 16    79.0
1969  3 17    28.0
1969  3 18    65.0
1969  3 19    21.0
1969  3 20     4.0
1969  3 21     7.0
1969  3 22     1.0
1969  3 23     4.0
1969  3 31     1.0
1969  4  1     2.0
1969  4  9     0.0
1969  4 10    20.0
1969  4 16    11.0
1969  4 17     2.0
1969  4 19    15.0
1969  4 20     1.0
1969  4 29     0.0
1969  5  3     1.0
1969  5  5     1.0
1969  5  9     1.0
1969  5 10     2.0
1969  5 11     0.0
1969  5 13     2.0
1969  5 14     0.0
1969  5 26     1.0
1969  6 19     1.0
1969  6 20    32.0
1969  9 10     4.0
1969 10 11    10.0
1969 10 12    13.0
1969 10 22     3.0
1969 10 23    10.0
1969 11  1     2.0
1969 11 19     0.0
1969 11 27     2.0
1969 11 28    24.0
1969 11 29     0.0
1969 12  2    18.0
1969 12  3     1.0
1969 12  4     1.0
1969 12  5     4.0
1969 12  6    16.0
1969 12  7    82.0
1969 12  8     2.0
1969 12  9     0.0
1969 12 10    14.0
1969 12 11    22.0
1969 12 13     0.0
1969 12 16    19.0
1969 12 17    33.0
1969 12 18     9.0
1969 12 20   108.0
1969 12 21    93.0
1969 12 22    31.0
1969 12 23     9.0
1969 12 25    14.0
1969 12 26    20.0
1969 12 27     4.0
1969 12 29     2.0
1969 12 30    81.0
1969 12 31     8.0
1970  1  2     2.0
1970  1  3    26.0
1970  1  4    11.0
1970  1  6     1.0
1970  1 14    10.0
1970  1 15    44.0
1970  1 16     0.0
1970  1 18    20.0
1970  1 19     0.0
1970  1 20     4.0
1970  1 23     1.0
1970  1 29     3.0
1970  1 30     1.0
1970  2  1    11.0
1970  2  2    41.0
1970  2  3    15.0
1970  2  4     8.0
1970  2 12     2.0
1970  2 18     5.0
1970  2 20     9.0
1970  2 21    23.0
1970  2 23     1.0
1970  2 24     4.0
1970  2 25    46.0
1970  2 26    22.0
1970  2 27     2.0
1970  3  1     0.0
1970  3  3     9.0
1970  3  9    11.0
1970  3 10     2.0
1970  3 11     1.0
1970  3 12     0.0
1970  3 18     4.0
1970  3 21    52.0
1970  3 22    21.0
1970  4  3     1.0
1970  4 13     1.0
1970  4 14     1.0
1970  4 17     2.0
1970  4 19     1.0
1970  5  4     1.0
1970  5  5     7.0
1970  6  2     1.0
1970  8 28     6.0
1970  9  4     0.0
1970  9 23     3.0
1970  9 30     7.0
1970 10  3     8.0
1970 10  4    30.0
1970 10  5     7.0
1970 10 11     2.0
1970 10 13     2.0
1970 10 20     0.0
1970 10 26    21.0
1970 10 27    83.0
1970 10 28     0.0
1970 11  7     1.0
1970 11 17     8.0
1970 11 18     3.0
1970 11 24    36.0
1970 11 25     7.0
1970 11 26     0.0
1970 12  4     3.0
1970 12  5     6.0
1970 12  7     4.0
1970 12  8     2.0
1970 12 17    12.0
1970 12 18     2.0
1970 12 23     6.0
1970 12 24    81.0
1970 12 25     8.0
1970 12 26     2.0
1970 12 29     1.0
1971  1  1     2.0
1971  1  8     2.0
1971  1  9     8.0
1971  1 10    47.0
1971  1 11     5.0
1971  1 12     0.0
1971  1 13     3.0
1971  1 17     1.0
1971  1 18     4.0
1971  1 19    63.0
1971  1 20     1.0
1971  1 21     1.0
1971  1 27     1.0
1971  1 28     3.0
1971  1 29     4.0
1971  2  3    26.0
1971  2  4    12.0
1971  2  5     0.0
1971  2  6     4.0
1971  2  7     6.0
1971  2 13     1.0
1971  2 15     0.0
1971  2 16    81.0
1971  2 17   198.0
1971  2 18    30.0
1971  2 19    13.0
1971  2 21    16.0
1971  2 22    48.0
1971  2 23     0.0
1971  2 24     7.0
1971  2 25     3.0
1971  2 26     0.0
1971  2 27     6.0
1971  2 28    14.0
1971  3  1    20.0
1971  3  2     1.0
1971  3  4     0.0
1971  3 13     2.0
1971  3 17    46.0
1971  3 18     0.0
1971  3 26     5.0
1971  3 28    11.0
1971  3 30     0.0
1971  3 31     3.0
1971  4  1     1.0
1971  4  4    14.0
1971  4  8     0.0
1971  4 12     0.0
1971  4 16     1.0
1971  4 17     5.0
1971  4 22     6.0
1971  5 17     1.0
1971  5 22     0.0
1971  5 23     0.0
1971  6  3     0.0
1971  7 23     0.0
1971  8 21     0.0
1971  9  1     0.0
1971 10 21     0.0
1971 10 30     0.0
1971 11  1     1.0
1971 11 16     0.0
1971 11 17     1.0
1971 11 18     0.0
1971 11 20     7.0
1971 11 21    44.0
1971 11 22    60.0
1971 11 23     1.0
1971 11 24     1.0
1971 11 25     3.0
1971 11 27     0.0
1971 11 29     0.0
1971 11 30     3.0
1971 12  1    12.0
1971 12  3     0.0
1971 12  4     0.0
1971 12 10    42.0
1971 12 11    14.0
1971 12 12    12.0
1971 12 22    22.0
1971 12 23     1.0
1972  1  4     0.0
1972  1  5     0.0
1972  1 13    17.0
1972  1 14     4.0
1972  1 21    80.0
1972  1 22    20.0
1972  1 24     2.0
1972  1 25    11.0
1972  1 26     1.0
1972  2  3     4.0
1972  2  6     1.0
1972  2 13     1.0
1972  2 14    62.0
1972  2 15    15.0
1972  2 16    27.0
1972  2 17     1.0
1972  2 27     6.0
1972  2 29     1.0
1972  3  2     9.0
1972  3  4    10.0
1972  3  5     1.0
1972  3  6     6.0
1972  3  7    12.0
1972  3  8    38.0
1972  3 13     6.0
1972  3 14     8.0
1972  3 15     3.0
1972  4  9     2.0
1972  4 10     1.0
1972  4 11     9.0
1972  4 16     3.0
1972  4 17     1.0
1972  4 20     4.0
1972  4 21     2.0
1972  4 30    34.0
1972  5  1     9.0
1972  5  2     1.0
1972  5  6     6.0
1972  5  9     3.0
1972  5 27     0.0
1972  5 30     0.0
1972  5 31    16.0
1972  6  2     0.0
1972  6 11     8.0
1972  6 12    15.0
1972  8 16     2.0
1972  9  7     0.0
1972  9 24     0.0
1972  9 27     0.0
1972 10 18     1.0
1972 10 19    31.0
1972 10 20     0.0
1972 10 23   103.0
1972 10 25     5.0
1972 10 26     2.0
1972 10 28     0.0
1972 11  1     3.0
1972 11  2     5.0
1972 11 14    15.0
1972 11 27    10.0
1972 11 29     2.0
1972 12  4     4.0
1972 12  8    33.0
1972 12  9    14.0
1972 12 19     5.0
1972 12 29     3.0
1973  1 14     5.0
1973  1 18     1.0
1973  1 21     4.0
1973  1 22     0.0
1973  1 23     5.0
1973  1 25     2.0
1973  1 27    29.0
1973  1 28     4.0
1973  1 29     8.0
1973  1 30    43.0
1973  1 31    32.0
1973  2  7    18.0
1973  2  8     0.0
1973  2 12     8.0
1973  2 14    22.0
1973  2 18     0.0
1973  2 24     2.0
1973  2 25    41.0
1973  2 26    19.0
1973  2 27    15.0
1973  2 28     3.0
1973  3  6     0.0
1973  3 13     0.0
1973  3 17     1.0
1973  3 20     0.0
1973  4  7     2.0
1973  4  8     1.0
1973  4 17     0.0
1973  4 20     4.0
1973  4 28     1.0
1973  5 15     3.0
1973  5 30     0.0
1973  6  3     1.0
1973  6 17     1.0
1973  7 13    12.0
1973 10  6     4.0
1973 10  7     0.0
1973 10  9     1.0
1973 10 11     9.0
1973 10 12    17.0
1973 10 31     9.0
1973 11 13     0.0
1973 11 18     0.0
1973 11 22     2.0
1973 11 23     5.0
1973 11 28     0.0
1973 11 29    13.0
1973 11 30     8.0
1973 12  1     0.0
1973 12  2     2.0
1973 12  4     1.0
1973 12  6     1.0
1973 12  7    18.0
1973 12  8     8.0
1973 12 15     4.0
1973 12 16     5.0
1973 12 17    10.0
1974  1  7     0.0
1974  1  9     5.0
1974  1 10     1.0
1974  1 13     3.0
1974  1 14    51.0
1974  1 15     3.0
1974  1 17     1.0
1974  1 19    24.0
1974  1 20     1.0
1974  1 21     1.0
1974  1 25     1.0
1974  1 26    18.0
1974  1 27    10.0
1974  1 28     6.0
1974  1 31     0.0
1974  2  6     2.0
1974  2  7    28.0
1974  2  8    28.0
1974  2  9     0.0
1974  2 10    40.0
1974  2 11    31.0
1974  2 17     6.0
1974  2 21    12.0
1974  2 23     1.0
1974  2 24     3.0
1974  2 25    28.0
1974  2 26     6.0
1974  2 28    17.0
1974  3  1     0.0
1974  3  2     4.0
1974  3  3     0.0
1974  3  4     0.0
1974  3  8     4.0
1974  3 11    18.0
1974  3 12     3.0
1974  3 14     1.0
1974  3 15    80.0
1974  3 16     4.0
1974  3 17     8.0
1974  4  4     2.0
1974  4  5     1.0
1974  4  7     5.0
1974  4  8     8.0
1974  4  9     2.0
1974  4 12     1.0
1974  5  2     1.0
1974  5 10     0.0
1974  5 11     3.0
1974  5 12     4.0
1974  5 23     0.0
1974  6  6     1.0
1974  6  9     1.0
1974  9  7     0.0
1974  9 27    27.0
1974  9 28     3.0
1974 10 28     5.0
1974 10 29    26.0
1974 10 30     1.0
1974 10 31     1.0
1974 11  2     3.0
1974 11  5     0.0
1974 11  6     8.0
1974 11 10    30.0
1974 11 12     7.0
1974 11 19     4.0
1974 11 23     0.0
1974 11 28    23.0
1974 11 29    21.0
1974 11 30   113.0
1974 12  1    25.0
1974 12  4     2.0
1974 12  5     0.0
1974 12  7     3.0
1974 12  8    25.0
1974 12 10    16.0
1974 12 11     0.0
1974 12 14    29.0
1974 12 15    48.0
1974 12 16    76.0
1974 12 17    11.0
1974 12 18     0.0
1974 12 19     1.0
1974 12 20   117.0
1974 12 28     9.0
1974 12 29     1.0
1974 12 30     2.0
1974 12 31    41.0
1975  1  1    32.0
1975  1  2    26.0
1975  1  3    20.0
1975  1  4     6.0
1975  1  8     8.0
1975  1  9    34.0
1975  1 10    59.0
1975  1 15     0.0
1975  1 16     1.0
1975  1 22     0.0
1975  1 23     0.0
1975  1 24     1.0
1975  1 25     0.0
1975  1 28     1.0
1975  1 29     2.0
1975  1 30    51.0
1975  1 31    25.0
1975  2  1     6.0
1975  2  2     6.0
1975  2  3     5.0
1975  2  9     9.0
1975  2 14     2.0
1975  2 15    43.0
1975  2 16     4.0
1975  2 19     9.0
1975  2 20     6.0
1975  2 21    60.0
1975  2 23     4.0
1975  2 24     1.0
1975  2 25    15.0
1975  2 26     3.0
1975  2 28     7.0
1975  3  5     0.0
1975  3  6     0.0
1975  3 11     8.0
1975  3 18    10.0
1975  3 26    22.0
1975  4 14     0.0
1975  4 20     3.0
1975  4 21     6.0
1975  4 25     8.0
1975  4 26    40.0
1975  4 27    18.0
1975  4 28    10.0
1975  4 29    11.0
1975  5  5     0.0
1975  5 15    25.0
1975  5 18     5.0
1975  5 19     1.0
1975  5 22     0.0
1975  6  7     8.0
1975  6  8     1.0
1975  6 14     1.0
1975  6 24     2.0
1975  6 26    11.0
1975  8  3     0.0
1975 10  8     6.0
1975 10  9     1.0
1975 10 23     0.0
1975 10 24     3.0
1975 10 25    17.0
1975 10 28    18.0
1975 11 16     5.0
1975 11 17     1.0
1975 11 22    11.0
1975 11 23    43.0
1975 11 24    17.0
1975 11 25     6.0
1975 11 26     0.0
1975 11 29     0.0
1975 11 30    39.0
1975 12  1     0.0
1975 12  4     1.0
1975 12  8     2.0
1975 12  9    10.0
1975 12 15     1.0
1975 12 19     1.0
1975 12 20    15.0
1975 12 27    66.0
1975 12 28    12.0
1976  1  5     7.0
1976  1 16    34.0
1976  1 17    19.0
1976  1 18    12.0
1976  1 22     1.0
1976  1 23    73.0
1976  1 24     4.0
1976  1 25     4.0
1976  1 26    39.0
1976  1 27     2.0
1976  1 28     0.0
1976  1 29     8.0
1976  1 30    16.0
1976  2  3    56.0
1976  2  4    38.0
1976  2  5     0.0
1976  2  7     2.0
1976  2  8    17.0
1976  2  9     1.0
1976  2 14    13.0
1976  2 15     4.0
1976  2 22     3.0
1976  2 23     8.0
1976  2 24     0.0
1976  2 26    12.0
1976  3  5     0.0
1976  3  6     3.0
1976  3  8    18.0
1976  3  9     2.0
1976  3 13    20.0
1976  3 14    18.0
1976  3 16     6.0
1976  3 17     2.0
1976  3 19     8.0
1976  3 20    17.0
1976  3 30     2.0
1976  4  1    13.0
1976  4  9     8.0
1976  4 11    10.0
1976  4 12    10.0
1976  4 13    17.0
1976  4 16     2.0
1976  4 17     4.0
1976  4 22     3.0
1976  4 23     4.0
1976  5  8     0.0
1976  5  9     5.0
1976  5 14     4.0
1976  5 20    38.0
1976  5 21     3.0
1976  5 24     0.0
1976  5 26     2.0
1976  9 26     0.0
1976 10 15    48.0
1976 10 16     1.0
1976 10 19     6.0
1976 10 20    21.0
1976 10 23     8.0
1976 10 24    22.0
1976 10 25     2.0
1976 10 26     3.0
1976 10 28     3.0
1976 10 29     0.0
1976 11 21     1.0
1976 11 22     1.0
1976 11 24    45.0
1976 11 25     1.0
1976 11 27    42.0
1976 12  2     1.0
1976 12  3    17.0
1976 12  4    58.0
1976 12  5     1.0
1976 12 12     5.0
1976 12 13    66.0
1976 12 14     1.0
1976 12 24     8.0
1976 12 25    12.0
1976 12 28    68.0
1976 12 30     1.0
1977  1  2     1.0
1977  1 10    10.0
1977  1 11    44.0
1977  1 12     1.0
1977  1 14     6.0
1977  1 15     7.0
1977  1 17    10.0
1977  1 18    49.0
1977  1 26    53.0
1977  1 27    36.0
1977  1 29     4.0
1977  2  5    27.0
1977  2  6    10.0
1977  2  8     7.0
1977  2 11    11.0
1977  2 18    13.0
1977  2 19     3.0
1977  3  2    11.0
1977  3  3     2.0
1977  3  5     2.0
1977  3  7     0.0
1977  3 12     2.0
1977  3 15     7.0
1977  3 16     1.0
1977  3 17     2.0
1977  3 28     0.0
1977  4 13     0.0
1977  4 14    19.0
1977  4 15     1.0
1977  4 16     1.0
1977  4 23    25.0
1977  4 27     1.0
1977  5  5     1.0
1977  5  6     2.0
1977  5 11     6.0
1977  6  5     0.0
1977  6  6    13.0
1977  7  3     0.0
1977  9 10     3.0
1977  9 11     0.0
1977  9 14     0.0
1977  9 28     3.0
1977 10  1     2.0
1977 10 14     1.0
1977 10 15     0.0
1977 10 16     0.0
1977 11  3     0.0
1977 11  4     3.0
1977 11 15    12.0
1977 11 16     8.0
1977 11 17     2.0
1977 11 18     4.0
1977 11 22     0.0
1977 11 28     0.0
1977 12  3    42.0
1977 12  4    11.0
1977 12  5     3.0
1977 12  8    13.0
1977 12  9    10.0
1977 12 15     9.0
1977 12 17     3.0
1977 12 18    31.0
1977 12 19     0.0
1977 12 20    28.0
1977 12 21     0.0
1977 12 25     0.0
1977 12 26     5.0
1977 12 27   102.0
1977 12 28    39.0
1977 12 31     1.0
1978  1  1    42.0
1978  1  2     5.0
1978  1  6    22.0
1978  1  7     7.0
1978  1  8    54.0
1978  1  9     9.0
1978  1 10    19.0
1978  1 13     0.0
1978  1 17     3.0
1978  1 18     5.0
1978  1 19     0.0
1978  1 20    17.0
1978  1 23     8.0
1978  1 25     9.0
1978  1 26    21.0
1978  1 27     0.0
1978  1 28     1.0
1978  2  1    26.0
1978  2  2    18.0
1978  2  3     4.0
1978  2  4    12.0
1978  2  5    22.0
1978  2  6    11.0
1978  2  7    25.0
1978  2  8    13.0
1978  2  9    32.0
1978  2 10    10.0
1978  2 16     8.0
1978  2 17     1.0
1978  2 18     0.0
1978  2 19    73.0
1978  2 21     5.0
1978  2 22     0.0
1978  3  5     8.0
1978  3 12     1.0
1978  3 13     2.0
1978  3 21     8.0
1978  3 22     1.0
1978  3 23    38.0
1978  3 24     0.0
1978  3 26    23.0
1978  3 27     2.0
1978  3 28     4.0
1978  3 29     9.0
1978  3 30     0.0
1978  4  5     5.0
1978  4  6     0.0
1978  4 12     1.0
1978  4 16     0.0
1978  4 17     2.0
1978  4 19     8.0
1978  4 21     5.0
1978  4 23    14.0
1978  4 24     7.0
1978  5 13     0.0
1978  9 18     1.0
1978  9 30     5.0
1978 10 19     2.0
1978 10 22     6.0
1978 10 23     4.0
1978 10 25     0.0
1978 10 26    20.0
1978 10 29    60.0
1978 10 30    21.0
1978 10 31     0.0
1978 11  5    10.0
1978 11  6     0.0
1978 11  7     0.0
1978 11 19     0.0
1978 11 27     2.0
1978 11 28     1.0
1978 11 29    66.0
1978 11 30     5.0
1978 12  1    16.0
1978 12  5     1.0
1978 12  6    41.0
1978 12  7    28.0
1978 12  8    25.0
1978 12 11    18.0
1978 12 12     9.0
1978 12 14    17.0
1978 12 15     1.0
1978 12 24     0.0
1978 12 25    56.0
1978 12 28     9.0
1978 12 30     0.0
1979  1  2    50.0
1979  1  3    34.0
1979  1  4    14.0
1979  1  6    12.0
1979  1  8     6.0
1979  1  9     4.0
1979  1 12     5.0
1979  1 13     2.0
1979  1 14     5.0
1979  1 15    36.0
1979  1 16     7.0
1979  1 17     5.0
1979  1 18    23.0
1979  1 19    26.0
1979  1 25    12.0
1979  1 26     5.0
1979  1 27    60.0
1979  1 28    14.0
1979  1 31     2.0
1979  2  1     1.0
1979  2  2    14.0
1979  2  6     6.0
1979  2  7    40.0
1979  2  8    20.0
1979  2  9    41.0
1979  2 15     2.0
1979  2 16     3.0
1979  2 20     0.0
1979  3  6     0.0
1979  3  7    20.0
1979  3  8    14.0
1979  3 11     1.0
1979  3 12    16.0
1979  3 13     1.0
1979  3 20     3.0
1979  3 22     5.0
1979  3 24     2.0
1979  4 14    16.0
1979  4 15     5.0
1979  4 22     3.0
1979  4 23     0.0
1979  4 25     6.0
1979  5  3     0.0
1979  5 13     0.0
1979  5 14    13.0
1979  5 21     0.0
1979  5 23     0.0
1979  6  2     4.0
1979  6  6     3.0
1979  6 28    10.0
1979  9 18    13.0
1979 10  5    11.0
1979 10 12     0.0
1979 10 21    45.0
1979 10 22    41.0
1979 10 23     4.0
1979 10 27     1.0
1979 10 28     0.0
1979 11  2    17.0
1979 11  6     3.0
1979 11  7    57.0
1979 11  8     7.0
1979 11 20     7.0
1979 11 26    39.0
1979 11 27     3.0
1979 11 28     9.0
1979 12  4     2.0
1979 12  5    17.0
1979 12 11     6.0
1979 12 12     5.0
1979 12 13    41.0
1979 12 14     8.0
1979 12 16     9.0
1979 12 17    12.0
1979 12 18    33.0
1979 12 19     1.0
1979 12 25    29.0
1979 12 27     0.0
1979 12 28     1.0
1979 12 30    21.0
1979 12 31    16.0
1980  1  1    16.0
1980  1  2    12.0
1980  1  3     5.0
1980  1  4    36.0
1980  1  5    19.0
1980  1  8    26.0
1980  1  9     9.0
1980  1 15     0.0
1980  1 17    93.0
1980  1 18    14.0
1980  1 19    10.0
1980  1 20     1.0
1980  1 22     5.0
1980  1 23     1.0
1980  1 24     3.0
1980  1 26     4.0
1980  1 27     0.0
1980  1 28    15.0
1980  2  4     0.0
1980  2  5    14.0
1980  2  6     0.0
1980  2  7     0.0
1980  2  9    11.0
1980  2 13    15.0
1980  2 14    46.0
1980  2 17     0.0
1980  2 20     9.0
1980  2 21    16.0
1980  2 22     2.0
1980  2 25     0.0
1980  2 26     1.0
1980  2 27     5.0
1980  2 28     1.0
1980  2 29     2.0
1980  3  2     3.0
1980  3  5    38.0
1980  3  7     0.0
1980  3  8    10.0
1980  3 10    14.0
1980  3 11    27.0
1980  3 12     1.0
1980  3 14    12.0
1980  3 15     5.0
1980  3 18    26.0
1980  3 20     1.0
1980  3 27     3.0
1980  3 28     3.0
1980  4  2     3.0
1980  4  3     9.0
1980  4 10     6.0
1980  4 12     0.0
1980  4 13     1.0
1980  4 14    20.0
1980  4 21    40.0
1980  4 27     1.0
1980  5  2    16.0
1980  5  3     0.0
1980  5  9     0.0
1980  5 12    19.0
1980  5 13     2.0
1980  8 20     0.0
1980  9  6     0.0
1980 10 24     2.0
1980 10 28     1.0
1980 10 29     0.0
1980 10 30     2.0
1980 10 31    37.0
1980 11 11     1.0
1980 11 12    22.0
1980 11 21     5.0
1980 11 29    10.0
1980 11 30     3.0
1980 12  1     5.0
1980 12  5    25.0
1980 12  6    27.0
1980 12  8     7.0
1980 12  9     4.0
1980 12 10    13.0
1980 12 21     9.0
1980 12 22    12.0
1980 12 23    50.0
1980 12 24    10.0
1980 12 26     8.0
1980 12 27    18.0
1980 12 28     1.0
1980 12 29     2.0
1981  1  2     1.0
1981  1  3    27.0
1981  1  5    14.0
1981  1  6    64.0
1981  1  7     5.0
1981  1  8    52.0
1981  1  9    56.0
1981  1 10    42.0
1981  1 11    11.0
1981  1 15     9.0
1981  1 16    42.0
1981  1 17    70.0
1981  1 18     9.0
1981  1 19     3.0
1981  1 20    51.0
1981  1 21    13.0
1981  1 22    39.0
1981  1 23    46.0
1981  1 24    37.0
1981  1 25     0.0
1981  1 26     6.0
1981  1 28    12.0
1981  1 29    10.0
1981  1 30    18.0
1981  1 31     2.0
1981  2  5    10.0
1981  2  6    10.0
1981  2  7     9.0
1981  2  8    23.0
1981  2 16     5.0
1981  2 19    63.0
1981  2 20     7.0
1981  2 24    10.0
1981  2 25     1.0
1981  2 28    25.0
1981  3 20     3.0
1981  3 21     9.0
1981  3 23     3.0
1981  3 24     5.0
1981  3 25     2.0
1981  4  3     0.0
1981  4  4     2.0
1981  4  5     1.0
1981  4 24     0.0
1981  5  3    28.0
1981  5  4     0.0
1981  5  7    10.0
1981  5 15     0.0
1981  6 15     0.0
1981  6 16     2.0
1981  7  3     2.0
1981  9 11     2.0
1981 10 14     0.0
1981 10 30     1.0
1981 11  1     1.0
1981 11  8     8.0
1981 11  9    40.0
1981 11 10    11.0
1981 11 12    15.0
1981 11 15    27.0
1981 11 16    30.0
1981 11 17     2.0
1981 11 28    73.0
1981 11 29    27.0
1981 11 30    31.0
1981 12  1     1.0
1981 12  2    17.0
1981 12  4     5.0
1981 12  5    24.0
1981 12  6    21.0
1981 12  7    12.0
1981 12  9     7.0
1981 12 10    12.0
1981 12 12     2.0
1981 12 13     1.0
1981 12 14     8.0
1981 12 15    32.0
1981 12 16    52.0
1981 12 17    26.0
1981 12 18   116.0
1981 12 21     6.0
1981 12 23     1.0
1981 12 24    34.0
1981 12 25     5.0
1981 12 26     1.0
1981 12 27     7.0
1981 12 28    19.0
1982  1  4    30.0
1982  1  5     0.0
1982  1  7    14.0
1982  1  8     2.0
1982  1 12     0.0
1982  1 15     3.0
1982  1 22     1.0
1982  1 23     2.0
1982  1 25    18.0
1982  1 26     7.0
1982  1 27     1.0
1982  1 28     9.0
1982  1 29    22.0
1982  1 30    11.0
1982  1 31     7.0
1982  2  1     0.0
1982  2  2     2.0
1982  2 11     6.0
1982  2 12     7.0
1982  2 19     4.0
1982  2 20     4.0
1982  2 21     1.0
1982  2 22     3.0
1982  2 23     7.0
1982  2 24     0.0
1982  2 26     3.0
1982  2 27    56.0
1982  2 28     7.0
1982  3  1     9.0
1982  3  2     2.0
1982  3  3     2.0
1982  3  5     7.0
1982  3  6     3.0
1982  3 13    65.0
1982  3 14     7.0
1982  3 15    19.0
1982  3 16    27.0
1982  3 17     3.0
1982  3 18     0.0
1982  3 21    16.0
1982  3 23     3.0
1982  3 24    25.0
1982  4 10     0.0
1982  4 11     1.0
1982  4 18     2.0
1982  4 22     0.0
1982  4 23     3.0
1982  4 25     0.0
1982  4 26     2.0
1982  4 28     3.0
1982  4 29    38.0
1982  4 30     0.0
1982  5 14     1.0
1982  5 16     2.0
1982  6  2    29.0
1982  6  3    11.0
1982  6  6     0.0
1982  6  7     0.0
1982  6 26     0.0
1982  8 26     8.0
1982  8 27     2.0
1982  9 23     1.0
1982  9 25     2.0
1982 10  4     0.0
1982 10  5     5.0
1982 10 13    25.0
1982 10 14    18.0
1982 10 17     1.0
1982 10 18     7.0
1982 11  6     2.0
1982 11  7     8.0
1982 11  8    27.0
1982 11 19     1.0
1982 11 20     9.0
1982 11 21     9.0
1982 11 29     1.0
1982 11 30     2.0
1982 12 12    24.0
1982 12 13   107.0
1982 12 14    17.0
1982 12 17     0.0
1982 12 18     1.0
1982 12 19     3.0
1982 12 20     1.0
1982 12 21     5.0
1982 12 26    21.0
1982 12 27    20.0
1982 12 28     3.0
1982 12 30    30.0
1982 12 31    10.0
1983  1  6     2.0
1983  1  7    14.0
1983  1 16    10.0
1983  1 17    61.0
1983  1 21    16.0
1983  1 22    27.0
1983  1 23    43.0
1983  2  1    28.0
1983  2  2    49.0
1983  2  3     0.0
1983  2  4   101.0
1983  2  6    33.0
1983  2 14     7.0
1983  2 16     8.0
1983  2 17     7.0
1983  2 18     8.0
1983  2 23    18.0
1983  2 24    33.0
1983  3  1    60.0
1983  3  2     6.0
1983  3  3    10.0
1983  3  4    55.0
1983  3  5     5.0
1983  3 14    26.0
1983  3 15     9.0
1983  3 20     2.0
1983  3 21     0.0
1983  3 22     1.0
1983  4  7     5.0
1983  4 12     0.0
1983  4 26     0.0
1983  5 10     1.0
1983  5 11     1.0
1983  5 18     3.0
1983  5 22     0.0
1983  5 23     2.0
1983  6  8     0.0
1983  6 12    14.0
1983  6 17     1.0
1983  6 27     0.0
1983  7  5     3.0
1983 10 27     1.0
1983 10 28    14.0
1983 10 29    62.0
1983 10 30    12.0
1983 11  7     0.0
1983 11 11    19.0
1983 11 12    35.0
1983 11 16    88.0
1983 11 17     7.0
1983 11 19     1.0
1983 11 20     4.0
1983 11 23    42.0
1983 11 24     3.0
1983 11 28     5.0
1983 11 29    26.0
1983 11 30    10.0
1983 12  1     7.0
1983 12  3     0.0
1983 12  4     0.0
1983 12  6     4.0
1983 12  7    36.0
1983 12  8     7.0
1983 12  9    23.0
1983 12 10    20.0
1983 12 11    21.0
1983 12 13     1.0
1983 12 16    36.0
1983 12 21     3.0
1983 12 22     0.0
1983 12 23     4.0
1983 12 24    63.0
1983 12 25     6.0
1983 12 26     3.0
1984  1  1     5.0
1984  1  5     0.0
1984  1  6     1.0
1984  1  7     4.0
1984  1  8    13.0
1984  1  9     5.0
1984  1 13    20.0
1984  1 14    11.0
1984  1 17    13.0
1984  1 24     8.0
1984  1 25    28.0
1984  1 26     9.0
1984  2  7    11.0
1984  2  9    27.0
1984  2 10     3.0
1984  2 12     6.0
1984  2 13     6.0
1984  2 18     1.0
1984  2 19    11.0
1984  2 20     1.0
1984  3  5     1.0
1984  3  7    15.0
1984  3  8     4.0
1984  3  9     5.0
1984  3 10     5.0
1984  3 13     5.0
1984  3 17     8.0
1984  3 20     0.0
1984  3 21     3.0
1984  3 23    22.0
1984  3 24     0.0
1984  3 26     0.0
1984  4  7     1.0
1984  4  8     8.0
1984  4  9     6.0
1984  4 11     0.0
1984  4 15    12.0
1984  4 16     2.0
1984  4 18     2.0
1984  4 19     1.0
1984  4 20     1.0
1984  4 21     0.0
1984  4 22    18.0
1984  4 24     3.0
1984  4 26     2.0
1984  4 27     4.0
1984  4 28    36.0
1984  5  8     0.0
1984 10 18     0.0
1984 11  1     3.0
1984 11  2    47.0
1984 11  3   104.0
1984 11  4    63.0
1984 11  5     0.0
1984 11  6     0.0
1984 11  7     0.0
1984 11 14     3.0
1984 11 15     8.0
1984 11 16    16.0
1984 11 17    34.0
1984 11 22    34.0
1984 11 23     2.0
1984 12 12     1.0
1984 12 13     2.0
1984 12 16    18.0
1984 12 23     1.0
1984 12 24    68.0
1984 12 25     3.0
1984 12 26     8.0
1984 12 27     6.0
1984 12 28     1.0
1984 12 31    10.0
1985  1  1    45.0
1985  1  2    11.0
1985  1  3     1.0
1985  1  4    20.0
1985  1  5    30.0
1985  1  7    16.0
1985  1  8     2.0
1985  1 10     1.0
1985  1 14     2.0
1985  1 15    38.0
1985  1 18    48.0
1985  1 19    25.0
1985  1 20     5.0
1985  1 21    21.0
1985  1 30    20.0
1985  1 31     7.0
1985  2  2     0.0
1985  2  4     0.0
1985  2  7     0.0
1985  2  8    32.0
1985  2 11     3.0
1985  2 12     5.0
1985  2 13    23.0
1985  2 14    31.0
1985  2 15    22.0
1985  2 19     0.0
1985  2 24    46.0
1985  2 25    30.0
1985  3  3     0.0
1985  3  5     0.0
1985  3 20    63.0
1985  3 23    14.0
1985  3 24     4.0
1985  3 27     0.0
1985  3 31     1.0
1985  4  2     1.0
1985  4  3     1.0
1985  4 21     0.0
1985  4 22     0.0
1985  4 25     0.0
1985  5 11     0.0
1985  5 19     0.0
1985  5 24     1.0
1985  5 29     3.0
1985  5 30     1.0
1985  5 31     0.0
1985  6  1     0.0
1985  9 28    14.0
1985 10  8     1.0
1985 10  9     1.0
1985 10 11     1.0
1985 10 14     0.0
1985 10 15     3.0
1985 10 16    50.0
1985 10 17     4.0
1985 10 18     5.0
1985 10 19     1.0
1985 10 20     1.0
1985 11  6     0.0
1985 11  8    53.0
1985 11  9     0.0
1985 11 10     0.0
1985 11 25     3.0
1985 11 26    16.0
1985 11 28     4.0
1985 11 30    29.0
1985 12 11     0.0
1985 12 16     1.0
1985 12 21    18.0
1985 12 22    21.0
1985 12 23     9.0
1985 12 24    10.0
1985 12 28    28.0
1986  1  2     1.0
1986  1  3     6.0
1986  1  6     6.0
1986  1  7    20.0
1986  1  8    45.0
1986  1  9     4.0
1986  1 10    17.0
1986  1 11     5.0
1986  1 12     6.0
1986  1 13     1.0
1986  1 14     2.0
1986  1 16    20.0
1986  1 17    35.0
1986  1 18    13.0
1986  1 22     2.0
1986  1 26     6.0
1986  1 27     9.0
1986  1 28     2.0
1986  1 29    34.0
1986  1 30     9.0
1986  1 31     0.0
1986  2  3     2.0
1986  2  5     3.0
1986  2  6     2.0
1986  2  8    10.0
1986  2  9    44.0
1986  2 10    22.0
1986  2 11     2.0
1986  2 13    28.0
1986  2 14    11.0
1986  2 17    14.0
1986  2 18     0.0
1986  2 24    14.0
1986  2 28     1.0
1986  3  6     0.0
1986  3 15     0.0
1986  3 23     1.0
1986  4  2     0.0
1986  4 15    10.0
1986  4 21     0.0
1986  5  3     0.0
1986  5  7     0.0
1986  5  9     0.0
1986  5 12     1.0
1986  5 14     5.0
1986  5 17     0.0
1986  5 21     0.0
1986  5 22     0.0
1986  6  9     0.0
1986  6 15     0.0
1986  6 16     0.0
1986  6 18     0.0
1986  6 30     3.0
1986  9 22     1.0
1986  9 24    12.0
1986  9 25     7.0
1986 10  1     1.0
1986 10  2    28.0
1986 10 21     6.0
1986 10 22     0.0
1986 10 31     5.0
1986 11  1     0.0
1986 11  3    23.0
1986 11  6     5.0
1986 11  8    13.0
1986 11 12     0.0
1986 12 14     1.0
1986 12 17     1.0
1986 12 18     3.0
1986 12 19    21.0
1986 12 21    26.0
1986 12 23    27.0
1986 12 26    19.0
1986 12 27    14.0
1986 12 28     1.0
1986 12 29    49.0
1987  1  1     2.0
1987  1  2     4.0
1987  1  4    41.0
1987  1  5    29.0
1987  1  6     5.0
1987  1  7     1.0
1987  1  8    81.0
1987  1  9    57.0
1987  1 10     3.0
1987  1 12     3.0
1987  1 13    17.0
1987  1 20     0.0
1987  1 26     3.0
1987  1 28    21.0
1987  1 29    42.0
1987  1 31     0.0
1987  2  3     4.0
1987  2  7     1.0
1987  2  8     1.0
1987  2 16     0.0
1987  2 17     1.0
1987  2 18     7.0
1987  2 19     1.0
1987  2 25    15.0
1987  2 26     7.0
1987  2 28     2.0
1987  3  4    38.0
1987  3  5    32.0
1987  3  7     5.0
1987  3  8     0.0
1987  3 10    17.0
1987  3 12     9.0
1987  3 13     1.0
1987  3 16     6.0
1987  3 17    17.0
1987  3 18    18.0
1987  3 24     1.0
1987  3 25     1.0
1987  4  2     0.0
1987  4  3     2.0
1987  4 12     2.0
1987  4 16    28.0
1987  4 17    15.0
1987  4 19     2.0
1987  4 25     4.0
1987  4 29     8.0
1987  4 30    19.0
1987  5  1    13.0
1987  5  2     4.0
1987  5  3     0.0
1987  5  8     0.0
1987  6  1     2.0
1987  6  2    15.0
1987  7  8     9.0
1987 10 18     1.0
1987 10 24     0.0
1987 11  1    10.0
1987 11  5    14.0
1987 11  9     0.0
1987 11 22     5.0
1987 11 23     9.0
1987 12  4    17.0
1987 12  5     3.0
1987 12 11     3.0
1987 12 12     6.0
1987 12 13     1.0
1987 12 16    16.0
1987 12 17    20.0
1987 12 18     0.0
1987 12 19     3.0
1987 12 21    49.0
1987 12 22     9.0
1987 12 25     0.0
1987 12 26     2.0
1988  1  2     2.0
1988  1  3    91.0
1988  1  4     5.0
1988  1 11    18.0
1988  1 12    20.0
1988  1 23     2.0
1988  1 24    30.0
1988  1 25    17.0
1988  2  1     5.0
1988  2 10    15.0
1988  2 11    12.0
1988  2 12     0.0
1988  2 13     3.0
1988  2 14     4.0
1988  2 15    46.0
1988  2 16     8.0
1988  2 18     2.0
1988  2 19     5.0
1988  2 20    14.0
1988  2 21    19.0
1988  2 23     2.0
1988  2 24     2.0
1988  2 26    24.0
1988  2 27    50.0
1988  2 29     2.0
1988  3  2    32.0
1988  3  4    18.0
1988  3  7     2.0
1988  3  8    51.0
1988  3  9    39.0
1988  3 10     7.0
1988  3 11    18.0
1988  3 13     7.0
1988  3 15    10.0
1988  3 19    34.0
1988  3 21     2.0
1988  3 26     7.0
1988  3 29     3.0
1988  4 13    15.0
1988  4 14     1.0
1988  4 15     5.0
1988  4 16    35.0
1988  4 19    46.0
1988  4 30     0.0
1988  5  1    27.0
1988  5  2    13.0
1988  5 26     5.0
1988  5 28     2.0
1988  6 24     1.0
1988  7 29     9.0
1988  7 31    13.0
1988 10  3     4.0
1988 10 18     9.0
1988 10 19     5.0
1988 10 26     6.0
1988 10 27    33.0
1988 10 28     4.0
1988 10 29    13.0
1988 11  2    20.0
1988 11  6     1.0
1988 11  7    27.0
1988 11 11     1.0
1988 11 15    32.0
1988 11 16    68.0
1988 11 19     1.0
1988 11 21    12.0
1988 11 22    19.0
1988 11 25     9.0
1988 11 27     5.0
1988 12  1     1.0
1988 12  4     8.0
1988 12  5     0.0
1988 12  6    16.0
1988 12  8     8.0
1988 12  9     3.0
1988 12 10     6.0
1988 12 11     4.0
1988 12 12     6.0
1988 12 14     7.0
1988 12 16    10.0
1988 12 17    27.0
1988 12 18    31.0
1988 12 21     1.0
1988 12 22     2.0
1988 12 30     4.0
1989  1  3     0.0
1989  1  9     8.0
1989  1 10     4.0
1989  1 11     4.0
1989  1 15     1.0
1989  2 15    10.0
1989  2 16    44.0
1989  2 18     0.0
1989  2 19     3.0
1989  2 20     0.0
1989  3  3    12.0
1989  3  6     3.0
1989  3  8     2.0
1989  3  9     4.0
1989  3 14     3.0
1989  3 15     0.0
1989  3 25    18.0
1989  3 26    11.0
1989  3 27     2.0
1989  5 10     1.0
1989  5 29     1.0
1989  6  3     0.0
1989 10  3     0.0
1989 10  4     7.0
1989 10  6    54.0
1989 10  7     2.0
1989 10 17     7.0
1989 10 18     2.0
1989 10 27     2.0
1989 11  9     7.0
1989 11 10    14.0
1989 11 13     1.0
1989 11 14    13.0
1989 11 15     2.0
1989 11 22    10.0
1989 11 23     4.0
1989 11 24   121.0
1989 11 26     0.0
1989 11 28     9.0
1989 11 29    66.0
1989 11 30     2.0
1989 12  9     8.0
1989 12 10    21.0
1989 12 11    12.0
1989 12 26     2.0
1989 12 27     1.0
1989 12 28    14.0
1989 12 29     0.0
1989 12 30     9.0
1989 12 31    21.0
1990  1  2     1.0
1990  1  3     1.0
1990  1  4     1.0
1990  1 20     5.0
1990  1 31     2.0
1990  2  7     0.0
1990  2  8     1.0
1990  2  9     6.0
1990  2 11     2.0
1990  2 12    40.0
1990  2 13     3.0
1990  2 14    64.0
1990  2 16     2.0
1990  2 17     3.0
1990  2 28    11.0
1990  3  1    27.0
1990  3 12     2.0
1990  3 23     0.0
1990  4  1     1.0
1990  4 11     1.0
1990  4 14    15.0
1990  4 18     0.0
1990  4 20     0.0
1990  5 11     0.0
1990  6  3     3.0
1990  9 13     2.0
1990  9 14     1.0
1990 10 19     2.0
1990 10 28     4.0
1990 10 29     0.0
1990 10 30    23.0
1990 11  9     8.0
1990 11 10     0.0
1990 11 21    10.0
1990 11 30     4.0
1990 12  2    24.0
1990 12  3    13.0
1990 12  4     5.0
1990 12  5     9.0
1990 12  6    17.0
1990 12  8     0.0
1990 12  9     4.0
1990 12 14    19.0
1990 12 15     1.0
1990 12 16     5.0
1990 12 17    20.0
1990 12 20     3.0
1991  1  3     9.0
1991  1  7    16.0
1991  1  8     0.0
1991  1 16    12.0
1991  1 17     2.0
1991  1 18     2.0
1991  1 20     5.0
1991  1 21     7.0
1991  1 22     1.0
1991  1 23     3.0
1991  1 24     0.0
1991  1 25     1.0
1991  1 26     0.0
1991  1 29    18.0
1991  1 30    29.0
1991  2  2     1.0
1991  2  3    14.0
1991  2  6     0.0
1991  2 15     1.0
1991  2 16     1.0
1991  2 17     0.0
1991  2 19     0.0
1991  2 22     3.0
1991  2 23     0.0
1991  2 24   102.0
1991  2 25    19.0
1991  2 26    19.0
1991  2 27     1.0
1991  3  2     2.0
1991  3  4     0.0
1991  3  5     3.0
1991  3 12    17.0
1991  3 13    45.0
1991  3 14     5.0
1991  3 17     2.0
1991  3 18     2.0
1991  3 19    18.0
1991  4  2     1.0
1991  4  3     0.0
1991  4  7     0.0
1991  4  8    30.0
1991  4 14     1.0
1991  4 16     0.0
1991  4 17     0.0
1991  4 20     0.0
1991  4 29     0.0
1991  4 30     0.0
1991  5  8     1.0
1991  5  9     0.0
1991  5 11     1.0
1991  5 16    20.0
1991  5 21     0.0
1991  5 26     0.0
1991  5 29     0.0
1991  5 30     0.0
1991  7 21     0.0
1991  9  8     1.0
1991 10  5     3.0
1991 10  6    43.0
1991 10  7     0.0
1991 10 29    19.0
1991 10 30    10.0
1991 11  1     2.0
1991 11 10     6.0
1991 11 18     3.0
1991 11 19    12.0
1991 11 28     7.0
1991 12  3    20.0
1991 12  6     1.0
1991 12  7    30.0
1991 12  8    72.0
1991 12  9     5.0
1991 12 11     5.0
1991 12 12     4.0
1991 12 20     4.0
1991 12 21     2.0
1991 12 22    39.0
1991 12 23    32.0
1991 12 24    35.0
1991 12 25    19.0
1991 12 26     2.0
1991 12 27    85.0
1991 12 29    32.0
1991 12 31     1.0
1992  1 15     0.0
1992  1 31     3.0
1992  2  5     0.0
1992  2  6     3.0
1992  2  9    14.0
1992  2 16    46.0
1992  2 17    19.0
1992  2 18    17.0
1992  2 19     5.0
1992  2 22    13.0
1992  3 13     1.0
1992  3 17    54.0
1992  3 18    34.0
1992  3 19     2.0
1992  3 20     7.0
1992  3 21     3.0
1992  3 30     1.0
1992  4  8     6.0
1992  4 17     1.0
1992  4 19     1.0
1992  4 20    23.0
1992  4 21    19.0
1992  4 26     0.0
1992  5  7     1.0
1992  5  8     4.0
1992  5 10     0.0
1992  5 17    13.0
1992  5 18    24.0
1992  5 25     2.0
1992  6 16     0.0
1992  6 19    54.0
1992  7 21     0.0
1992  7 30     0.0
1992 10 28     0.0
1992 10 29     0.0
1992 11 11     4.0
1992 11 14    22.0
1992 11 15    12.0
1992 11 19     0.0
1992 11 20    10.0
1992 11 21    56.0
1992 11 22     3.0
1992 11 24     0.0
1992 12  1    32.0
1992 12  2     8.0
1992 12  3     6.0
1992 12  7     4.0
1992 12  8    36.0
1992 12 11     1.0
1992 12 12     2.0
1992 12 13     4.0
1992 12 14    25.0
1992 12 15     1.0
1992 12 17     6.0
1992 12 24     2.0
1992 12 29     1.0
1993  1  1     2.0
1993  1  2    41.0
1993  1  3    22.0
1993  1  4     4.0
1993  1  7     4.0
1993  1  8     2.0
1993  1 10     6.0
1993  1 11     1.0
1993  1 26     5.0
1993  1 27    45.0
1993  1 28    26.0
1993  1 31     1.0
1993  2  1     9.0
1993  2 17    17.0
1993  2 18    34.0
1993  2 19     2.0
1993  2 20     4.0
1993  2 21     5.0
1993  2 22    31.0
1993  2 23    16.0
1993  2 24     9.0
1993  2 25     6.0
1993  2 26     4.0
1993  2 27     1.0
1993  3  5    23.0
1993  3  6    15.0
1993  3  7    14.0
1993  3  8     4.0
1993  3  9     0.0
1993  3 10     2.0
1993  3 11     1.0
1993  3 14     5.0
1993  3 29     7.0
1993  4  7     7.0
1993  4  8     2.0
1993  4 29     0.0
1993  5  4     3.0
1993  5  5     2.0
1993  5  8    16.0
1993  5  9    11.0
1993  5 10     8.0
1993  5 11     2.0
1993  5 12     1.0
1993  5 14     2.0
1993  5 15     0.0
1993  5 26     0.0
1993  6  6     0.0
1993  6  7     2.0
1993  6 17     3.0
1993  7 29     0.0
1993 10  5     1.0
1993 10 30     9.0
1993 10 31    19.0
1993 11 14     3.0
1993 11 15    25.0
1993 11 17    53.0
1993 11 18    11.0
1993 11 19     2.0
1993 11 30    34.0
1993 12  1    23.0
1993 12  2    16.0
1993 12 10     0.0
1993 12 13    25.0
1993 12 14     0.0
1993 12 25    19.0
1993 12 26    13.0
1993 12 27    17.0
1993 12 28     0.0
1994  1  1     9.0
1994  1  2    58.0
1994  1  3    19.0
1994  1  4     2.0
1994  1 11    11.0
1994  1 13     1.0
1994  1 14     0.0
1994  1 15    56.0
1994  1 21     0.0
1994  1 22     9.0
1994  1 23     1.0
1994  1 28    28.0
1994  1 29    91.0
1994  1 30    16.0
1994  1 31     5.0
1994  2  8    15.0
1994  2  9    31.0
1994  2 10     1.0
1994  2 11    39.0
1994  2 12     0.0
1994  2 13    20.0
1994  2 15    27.0
1994  2 21    18.0
1994  2 22    13.0
1994  2 23     1.0
1994  2 25     9.0
1994  2 26     8.0
1994  2 27     0.0
1994  3  5     6.0
1994  3  6    11.0
1994  3  9     1.0
1994  3 10     5.0
1994  3 11     6.0
1994  3 19    12.0
1994  3 30     6.0
1994  3 31     1.0
1994  4  1     9.0
1994  4  7     1.0
1994  4  8     3.0
1994  4 11     1.0
1994  4 20     0.0
1994  4 23    10.0
1994  4 25     1.0
1994  4 26     1.0
1994  5  3     1.0
1994  5  8    34.0
1994  5  9     2.0
1994  5 11     1.0
1994  7 27     0.0
1994  8  1     6.0
1994  8  2     4.0
1994  9 21     2.0
1994  9 26     2.0
1994 10 10     0.0
1994 10 11    16.0
1994 10 12     9.0
1994 10 14     2.0
1994 10 18     4.0
1994 10 19     1.0
1994 10 20     4.0
1994 10 21     0.0
1994 10 22    12.0
1994 10 23     5.0
1994 10 24    39.0
1994 10 25     2.0
1994 10 26     7.0
1994 11 11    18.0
1994 11 12     7.0
1994 11 13    32.0
1994 11 14    29.0
1994 11 15    31.0
1994 11 16     2.0
1994 11 19     8.0
1994 11 20    34.0
1994 11 21    65.0
1994 11 22     1.0
1994 11 28     0.0
1994 12  2     1.0
1994 12 11     0.0
1994 12 15     5.0
1994 12 16    32.0
1994 12 17     7.0
1994 12 19     1.0
1994 12 22    59.0
1994 12 23   103.0
1994 12 27     5.0
1994 12 28    13.0
1994 12 29     2.0
1995  1  1     0.0
1995  1  5     6.0
1995  1  6     2.0
1995  1  7     7.0
1995  1 10     3.0
1995  1 11    24.0
1995  1 12    21.0
1995  1 13    40.0
1995  1 14    15.0
1995  1 15     5.0
1995  1 16    14.0
1995  1 17     3.0
1995  1 18     1.0
1995  1 21     7.0
1995  1 22     7.0
1995  1 23     0.0
1995  1 28     0.0
1995  1 29    11.0
1995  2  1     0.0
1995  2  7    24.0
1995  2 10     9.0
1995  2 20     2.0
1995  2 21    25.0
1995  3  7    11.0
1995  3  8     3.0
1995  3  9    29.0
1995  3 11     7.0
1995  3 14     5.0
1995  3 15    37.0
1995  3 16     2.0
1995  3 22     1.0
1995  3 23    10.0
1995  3 24    16.0
1995  3 29     6.0
1995  3 30     0.0
1995  3 31     0.0
1995  4  1     8.0
1995  4  2     5.0
1995  4  3     1.0
1995  4 13     1.0
1995  4 14     4.0
1995  4 17     0.0
1995  4 19     1.0
1995  5  3     0.0
1995  5  7     1.0
1995  6  2     2.0
1995  7 10     6.0
1995  7 12     7.0
1995  8 24     1.0
1995  9 30     5.0
1995 10  2     1.0
1995 10 25     4.0
1995 10 26    15.0
1995 11  4    13.0
1995 11  5     4.0
1995 11  6    12.0
1995 11  7    27.0
1995 11  9     4.0
1995 11 19     1.0
1995 11 20    24.0
1995 11 21     1.0
1995 11 22     8.0
1995 11 23     3.0
1995 12  5     1.0
1995 12  6     1.0
1995 12  9     4.0
1995 12 12     6.0
1995 12 19     8.0
1995 12 20    50.0
1995 12 21    74.0
1995 12 22     8.0
1995 12 24     1.0
1995 12 26     1.0
1995 12 27     4.0
1995 12 30     0.0
1995 12 31    18.0
1996  1  2    79.0
1996  1  3    10.0
1996  1  4    14.0
1996  1  5    13.0
1996  1 16    20.0
1996  1 17     1.0
1996  1 18    10.0
1996  1 24     1.0
1996  1 28     2.0
1996  2  1     9.0
1996  2  5     4.0
1996  2  6    15.0
1996  2  7    13.0
1996  2  8     7.0
1996  2  9    36.0
1996  2 10    30.0
1996  2 11     1.0
1996  2 14     6.0
1996  2 17     1.0
1996  2 18     1.0
1996  2 19     2.0
1996  2 24    12.0
1996  2 26     2.0
1996  3  1     9.0
1996  3  2    11.0
1996  3  3     1.0
1996  3  4    18.0
1996  3  5     1.0
1996  3  6    16.0
1996  3  7     0.0
1996  3 15     3.0
1996  3 21     7.0
1996  3 22     3.0
1996  3 23     1.0
1996  3 24     0.0
1996  3 29     1.0
1996  4  2     1.0
1996  4  8     2.0
1996  4 13     2.0
1996  4 16     3.0
1996  4 17     2.0
1996  4 23     2.0
1996  5 15     3.0
1996  5 30    10.0
1996  9  6     0.0
1996  9  9    10.0
1996  9 28     0.0
1996 10  3    12.0
1996 10 10    11.0
1996 10 11    13.0
1996 10 22     7.0
1996 10 23     3.0
1996 10 25     4.0
1996 10 29     1.0
1996 11 20     2.0
1996 11 21     5.0
1996 11 26    19.0
1996 11 28    46.0
1996 11 29     1.0
1996 11 30     0.0
1996 12  1    11.0
1996 12  2    11.0
1996 12  3     5.0
1996 12  4    37.0
1996 12  5    20.0
1996 12 12    10.0
1996 12 13     0.0
1996 12 15     3.0
1996 12 16    10.0
1996 12 20    32.0
1996 12 21    25.0
1996 12 22     1.0
1996 12 26    20.0
1996 12 27    15.0
1996 12 28    23.0
1996 12 29    30.0
1996 12 31     6.0
1997  1  8    10.0
1997  1  9    23.0
1997  1 14    37.0
1997  1 20     0.0
1997  2  4     0.0
1997  2  8     3.0
1997  2 14     1.0
1997  2 15    21.0
1997  2 21     1.0
1997  2 22     4.0
1997  3  1     5.0
1997  3  3     1.0
1997  3 13     1.0
1997  3 14     5.0
1997  3 21     5.0
1997  3 22    54.0
1997  3 25     3.0
1997  3 28     6.0
1997  3 30     3.0
1997  3 31    48.0
1997  4  1    22.0
1997  4  2     1.0
1997  4  3     7.0
1997  4  5     6.0
1997  4  6    22.0
1997  4  7     0.0
1997  4  8    23.0
1997  4 18     8.0
1997  4 20     1.0
1997  4 24     5.0
1997  4 25     4.0
1997  4 28     1.0
1997  5  1     0.0
1997  5  2     1.0
1997  5  3    11.0
1997  5  4    18.0
1997  6  1     7.0
1997  6  8     1.0
1997  8 12    24.0
1997  8 13     9.0
1997  8 14     1.0
1997  8 26     0.0
1997  9 28     1.0
1997 10  1     0.0
1997 10  5     3.0
1997 10 12     0.0
1997 10 13     9.0
1997 10 18     2.0
1997 10 19     5.0
1997 10 20    35.0
1997 10 21     7.0
1997 10 22     3.0
1997 10 24    47.0
1997 10 25     1.0
1997 10 26    45.0
1997 11  3     9.0
1997 11 17     5.0
1997 11 18     7.0
1997 11 19    52.0
1997 11 20    19.0
1997 11 22    23.0
1997 11 25     2.0
1997 11 30     1.0
1997 12  1    14.0
1997 12  2    31.0
1997 12  3    58.0
1997 12  4     7.0
1997 12  5    35.0
1997 12  7     0.0
1997 12  8     9.0
1997 12 10     0.0
1997 12 14     8.0
1997 12 15    31.0
1997 12 16    20.0
1997 12 17     0.0
1997 12 19     0.0
1997 12 22     3.0
1997 12 23    49.0
1997 12 26     0.0
1997 12 28    12.0
1997 12 29    24.0
1997 12 30     5.0
1997 12 31     2.0
1998  1  4     1.0
1998  1 18     0.0
1998  1 19     1.0
1998  1 20    58.0
1998  1 21    20.0
1998  1 22     5.0
1998  1 23    13.0
1998  1 24     0.0
1998  1 27     1.0
1998  1 28    32.0
1998  1 29     0.0
1998  2  2     9.0
1998  2  3   147.0
1998  2  4    19.0
1998  2  5     0.0
1998  2  6    44.0
1998  2  7     5.0
1998  2  8     1.0
1998  2 19     0.0
1998  3 10    15.0
1998  3 11     2.0
1998  3 12    11.0
1998  3 16     5.0
1998  3 17    19.0
1998  3 18     1.0
1998  3 21     2.0
1998  3 22     7.0
1998  3 23     3.0
1998  3 25     0.0
1998  3 26     3.0
1998  3 27     3.0
1998  3 28    40.0
1998  3 30     1.0
1998  4  2     8.0
1998  4  3    19.0
1998  4 16     1.0
1998  4 20     0.0
1998  4 25     1.0
1998  4 26    29.0
1998  4 27    61.0
1998  4 28     1.0
1998  5  6     0.0
1998  5  9     3.0
1998  5 10     2.0
1998  5 13    12.0
1998  5 14     0.0
1998  5 15    11.0
1998  5 17     1.0
1998  5 27     0.0
1998  6  4     0.0
1998  9 21     0.0
1998  9 25     3.0
1998 10 26     6.0
1998 10 28    11.0
1998 11 12     0.0
1998 11 13    15.0
1998 11 14    70.0
1998 11 15    12.0
1998 11 17     0.0
1998 11 24    10.0
1998 11 27    24.0
1998 11 28     0.0
1998 11 29    10.0
1998 11 30     9.0
1998 12  6     5.0
1998 12  7    54.0
1998 12  9    30.0
1998 12 10    41.0
1998 12 16    27.0
1998 12 17    14.0
1998 12 18    12.0
1998 12 19    20.0
1998 12 20    23.0
1998 12 22     5.0
1998 12 23    61.0
1998 12 24     2.0
1998 12 25    14.0
1998 12 26     1.0
1998 12 29     0.0
1999  1  5    19.0
1999  1  6     9.0
1999  1 15     1.0
1999  1 16     8.0
1999  1 17     7.0
1999  1 19     2.0
1999  1 22     0.0
1999  1 23    19.0
1999  1 25    10.0
1999  1 26     5.0
1999  1 27     3.0
1999  1 28     7.0
1999  1 29    47.0
1999  1 30    66.0
1999  1 31    62.0
1999  2  7    54.0
1999  2  8    33.0
1999  2  9    12.0
1999  2 10     6.0
1999  2 11     0.0
1999  2 12     1.0
1999  2 13     5.0
1999  2 14     5.0
1999  2 17     1.0
1999  2 18    11.0
1999  2 19     6.0
1999  2 22     4.0
1999  2 23    19.0
1999  2 24    17.0
1999  3 19     2.0
1999  3 20     0.0
1999  3 21     5.0
1999  3 22     3.0
1999  3 25    35.0
1999  3 28     8.0
1999  3 29     5.0
1999  3 30    20.0
1999  3 31    26.0
1999  4  1     1.0
1999  4  2    11.0
1999  4  4     5.0
1999  4  5    34.0
1999  4  6     1.0
1999  4  8     0.0
1999  4 12     1.0
1999  4 13     3.0
1999  4 14     0.0
1999  6 15     1.0
1999  6 27     0.0
1999  7  8     0.0
1999  8 22     1.0
1999  8 25     1.0
1999  8 26     0.0
1999 10 10     5.0
1999 11  6     1.0
1999 11 14     0.0
1999 11 15    45.0
1999 11 24     8.0
1999 12 12     5.0
1999 12 13    34.0
1999 12 14     4.0
1999 12 15     6.0
1999 12 23    13.0
1999 12 24     8.0
1999 12 25     5.0
1999 12 28    79.0
1999 12 29     0.0
2000  1  4     2.0
2000  1  5     1.0
2000  1 13     1.0
2000  1 17     3.0
2000  1 18    35.0
2000  1 20    14.0
2000  1 22     0.0
2000  1 24     2.0
2000  1 25    22.0
2000  1 31    15.0
2000  2  5     7.0
2000  2  6     7.0
2000  2 11     3.0
2000  2 15     0.0
2000  2 16     0.0
2000  2 18    20.0
2000  2 19    19.0
2000  2 21     6.0
2000  2 22     9.0
2000  2 23     4.0
2000  2 24     2.0
2000  3  1     2.0
2000  3  4    13.0
2000  3  6     1.0
2000  3 12     1.0
2000  3 18    10.0
2000  3 20    13.0
2000  3 23    32.0
2000  4  6     1.0
2000  4  9     1.0
2000  4 12     1.0
2000  4 19     7.0
2000  4 20    13.0
2000  4 21     0.0
2000  4 22     6.0
2000  4 23     1.0
2000  4 24     2.0
2000  4 25     3.0
2000  5  4     0.0
2000  5  5     1.0
2000  5  6     7.0
2000  5  7     2.0
2000  5  8    17.0
2000  5 19     0.0
2000  5 30     0.0
2000  9 29     0.0
2000 10 10    25.0
2000 10 21    22.0
2000 10 22     5.0
2000 10 23    16.0
2000 10 29     1.0
2000 11 26     0.0
2000 11 27    62.0
2000 11 28    54.0
2000 11 29    78.0
2000 11 30    50.0
2000 12  9     0.0
2000 12 17     0.0
2000 12 18    11.0
2000 12 23     2.0
2000 12 24    10.0
2000 12 27    17.0
2000 12 28     0.0
2000 12 30    40.0
2000 12 31    33.0
2001  1  1     0.0
2001  1  2    75.0
2001  1  5     3.0
2001  1  6    12.0
2001  1 15     2.0
2001  1 16     3.0
2001  1 17     7.0
2001  1 19     2.0
2001  1 25     0.0
2001  1 28    11.0
2001  1 29    11.0
2001  2  1    10.0
2001  2  2    15.0
2001  2  3    31.0
2001  2  4     4.0
2001  2 13     8.0
2001  2 14     2.0
2001  2 17     2.0
2001  2 20     9.0
2001  2 23     6.0
2001  2 24    25.0
2001  2 25    13.0
2001  3 15     3.0
2001  4  7    12.0
2001  4  8     1.0
2001  4 10    28.0
2001  4 11     8.0
2001  4 14    30.0
2001  4 16    26.0
2001  4 18     2.0
2001  4 19     0.0
2001  4 23     0.0
2001  4 24     1.0
2001  5  9     1.0
2001  5 13    10.0
2001  5 14     0.0
2001 10 18     1.0
2001 10 25    17.0
2001 10 27     4.0
2001 10 28    18.0
2001 10 29     6.0
2001 10 30     8.0
2001 11  3     6.0
2001 11  4    49.0
2001 11  5    81.0
2001 11  6    24.0
2001 11  7     0.0
2001 11  9    22.0
2001 11 10    32.0
2001 11 21   201.0
2001 11 22     0.0
2001 11 24    45.0
2001 11 25    63.0
2001 11 30    88.0
2001 12  1     2.0
2001 12  2    36.0
2001 12  3    71.0
2001 12  5     0.0
2001 12  7    26.0
2001 12  8    20.0
2001 12  9    43.0
2001 12 12     7.0
2001 12 13    10.0
2001 12 14     7.0
2001 12 17    65.0
2001 12 18    32.0
2001 12 20     0.0
2001 12 22     4.0
2001 12 23    89.0
2001 12 25    22.0
2001 12 26    23.0
2001 12 27    23.0
2001 12 28    25.0
2001 12 29     4.0
2001 12 31     2.0
2002  1  1     9.0
2002  1  2    30.0
2002  1  4     4.0
2002  1  5    71.0
2002  1  7     1.0
2002  1 18     0.0
2002  1 19     4.0
2002  1 21     0.0
2002  1 25    10.0
2002  2 11    18.0
2002  2 12     6.0
2002  2 13     1.0
2002  2 22     0.0
2002  3 13     4.0
2002  3 14     1.0
2002  3 23     1.0
2002  3 24    17.0
2002  3 25    28.0
2002  3 26    17.0
2002  3 28     1.0
2002  3 29    23.0
2002  3 30     1.0
2002  4  1    34.0
2002  4  2     8.0
2002  4  4     1.0
2002  4  5     7.0
2002  4 14     0.0
2002  4 16    15.0
2002  4 17     1.0
2002  4 18     0.0
2002  4 25     5.0
2002  4 27     0.0
2002  6  2     2.0
2002  6 29     1.0
2002  7  3    10.0
2002  7 10    11.0
2002  7 11     2.0
2002  8 20     1.0
2002  9  1     1.0
2002  9  7     5.0
2002  9  9     1.0
2002 10  2     0.0
2002 10  8     6.0
2002 10  9     1.0
2002 11  7    31.0
2002 11  8     8.0
2002 11  9     8.0
2002 11 10    28.0
2002 11 11    18.0
2002 11 12     6.0
2002 11 23    32.0
2002 11 24     0.0
2002 12  3    31.0
2002 12  4    24.0
2002 12  5    20.0
2002 12  6    73.0
2002 12  7     0.0
2002 12  8    25.0
2002 12  9    30.0
2002 12 10     7.0
2002 12 11     3.0
2002 12 14     1.0
2002 12 15    43.0
2002 12 16     3.0
2002 12 17     5.0
2002 12 18     9.0
2002 12 19     9.0
2002 12 20    29.0
2002 12 27    11.0
2002 12 29     3.0
2002 12 30    13.0
2002 12 31     6.0
2003  1  1    39.0
2003  1  2    77.0
2003  1  3     2.0
2003  1  4     2.0
2003  1 19     1.0
2003  1 20   100.0
2003  1 21    26.0
2003  1 22    52.0
2003  1 23    19.0
2003  1 24     7.0
2003  1 25     2.0
2003  1 27    19.0
2003  1 28     7.0
2003  1 29     0.0
2003  1 30     5.0
2003  1 31    29.0
2003  2  2     2.0
2003  2  3    14.0
2003  2  6    24.0
2003  2  7    77.0
2003  2  8    19.0
2003  2 12     5.0
2003  2 13    11.0
2003  2 14     0.0
2003  2 18     1.0
2003  2 19    18.0
2003  2 23    11.0
2003  2 27     4.0
2003  3  3     1.0
2003  3  5    49.0
2003  3  6    48.0
2003  3  9     1.0
2003  3 10     0.0
2003  3 11     2.0
2003  3 18    21.0
2003  3 20     6.0
2003  3 25     0.0
2003  3 31     0.0
2003  4  1     0.0
2003  4  2     0.0
2003  4  3     1.0
2003  4  9    15.0
2003  4 14    23.0
2003  4 15    34.0
2003  4 18     2.0
2003  4 19     2.0
2003  4 23     1.0
2003  4 25     2.0
2003  4 26    12.0
2003  5 24    49.0
2003  5 25     3.0
2003  5 26     8.0
2003  5 30    51.0
2003  6  2    73.0
2003  6  3     0.0
2003  9  5     2.0
2003  9  6     0.0
2003 10 29     0.0
2003 10 31    49.0
2003 11  1    45.0
2003 11  7    28.0
2003 11 10     7.0
2003 11 11     2.0
2003 11 26    22.0
2003 12  1     1.0
2003 12  2     6.0
2003 12  4     1.0
2003 12  5     0.0
2003 12  8     6.0
2003 12  9    20.0
2003 12 15    19.0
2003 12 16    33.0
2003 12 17    28.0
2003 12 18    22.0
2003 12 23     2.0
2003 12 24    44.0
2003 12 25    36.0
2003 12 26    35.0
2004  1  1    40.0
2004  1  2    22.0
2004  1  3    23.0
2004  1  4    20.0
2004  1  5    18.0
2004  1  6     3.0
2004  1 11   132.0
2004  1 12    79.0
2004  1 13     6.0
2004  1 15     1.0
2004  1 16     9.0
2004  1 17     7.0
2004  1 21    10.0
2004  1 22    52.0
2004  1 23    67.0
2004  1 25     2.0
2004  1 26    63.0
2004  1 29    48.0
2004  1 30    37.0
2004  1 31    15.0
2004  2  1     6.0
2004  2  4     7.0
2004  2 13    45.0
2004  2 14     0.0
2004  2 18    16.0
2004  2 19    18.0
2004  2 27     0.0
2004  2 28     0.0
2004  3  3     0.0
2004  3  4     0.0
2004  3  6     0.0
2004  3  7     0.0
2004  3  8     0.0
2004  3  9     0.0
2004  3 10    27.9
2004  3 11     0.0
2004  3 12     0.0
2004  3 13     0.0
2004  3 14     0.0
2004  3 15     0.0
2004  3 16     0.0
2004  3 17     0.0
2004  3 18     0.0
2004  3 19     0.0
2004  3 20     0.0
2004  3 21     0.0
2004  3 23     0.0
2004  3 24     0.0
2004  3 25     0.0
2004  3 27     0.0
2004  3 29     0.0
2004  3 31     0.0
2004  4 19     7.9
2004  4 20     0.3
2004  4 21     0.0
2004  4 24     0.0
2004  4 26     0.0
2004  4 29     0.0
2004  4 30     0.0
2004  6 24     5.1
2004  6 29     0.0
2004  6 30     0.0
2004  7  9     0.0
2004  7 10     0.0
2004  7 13     0.0
2004  7 14     0.0
2004  7 16     3.0
2004  7 17     0.0
2004  7 18     0.0
2004  7 21     0.0
2004  7 23     0.0
2004  7 24     0.0
2004  9 25     1.0
2004  9 26     0.0
2004  9 27     0.0
2004  9 28     0.0
2004  9 29     0.0
2004  9 30     0.0
2004 10  1     0.0
2004 10  2     0.0
2004 10  3     0.0
2004 10  4     0.0
2004 10  5     0.0
2004 10  6     7.9
2004 10  7     7.1
2004 10  8    19.1
2004 11  9    18.0
2004 11 10     1.0
2004 11 11     0.0
2004 11 12     0.0
2004 11 13     0.0
2004 11 14     0.0
2004 11 15     5.1
2004 11 16     0.0
2004 11 17     1.3
2004 11 18     0.0
2004 11 19     0.0
2004 11 20    20.1
2004 11 21    34.0
2004 11 22     0.0
2004 11 23     0.0
2004 11 24     0.0
2004 11 25    23.9
2004 11 26     0.0
2004 11 27     0.0
2004 11 28     0.0
2004 11 29     0.0
2004 12 18    20.1
2004 12 21    67.1
2004 12 22    27.9
2004 12 23     0.0
2004 12 24     0.0
2004 12 25     0.0
2004 12 26     0.0
2004 12 27     0.0
2004 12 29     0.0
2004 12 30     0.0
2004 12 31     0.0
2005  1  1     0.0
2005  1  2    11.9
2005  1  3     0.0
2005  1  5     0.0
2005  1  6     0.0
2005  1  7     0.0
2005  1  8     2.0
2005  1  9     0.0
2005  1 10     0.0
2005  1 11     0.0
2005  1 12     0.0
2005  1 13     0.0
2005  1 14     4.1
2005  1 15    51.8
2005  1 16    25.1
2005  1 17    38.1
2005  1 18    46.5
2005  1 19     1.0
2005  1 20     6.1
2005  1 21    10.2
2005  1 22     7.1
2005  1 23    21.1
2005  1 24     0.0
2005  1 25    29.0
2005  1 26    14.0
2005  1 27     9.9
2005  1 28     0.0
2005  1 29     0.0
2005  1 30     0.0
2005  1 31     3.6
2005  2  1     1.0
2005  2  2     0.0
2005  2  3    34.0
2005  2  4    10.9
2005  2  5     0.0
2005  2  6     0.0
2005  2  7     4.1
2005  2  8     0.0
2005  2  9     0.8
2005  2 10     0.0
2005  2 11     0.0
2005  2 12     0.3
2005  2 13     0.0
2005  2 14    69.9
2005  2 15     6.1
2005  2 16     2.5
2005  2 17     0.0
2005  2 18     2.0
2005  2 19     0.0
2005  2 20     0.0
2005  2 21     0.0
2005  2 22     0.0
2005  2 23     0.0
2005  2 24     0.0
2005  2 25     0.0
2005  2 26     0.0
2005  2 27     0.0
2005  2 28     1.0
2005  3  1     0.0
2005  3  2     0.0
2005  3  3     0.0
2005  3  4     0.0
2005  3  5     0.0
2005  3  6    11.9
2005  3  7    21.1
2005  3  8     6.1
2005  3  9     0.5
2005  3 10     0.0
2005  3 11     4.1
2005  3 12     0.0
2005  3 13     0.0
2005  3 14     0.0
2005  3 15     0.0
2005  3 16     0.0
2005  3 17     0.0
2005  3 18     0.0
2005  3 19     0.0
2005  3 20     0.0
2005  3 21     0.0
2005  3 22     0.5
2005  3 23     0.0
2005  3 24     0.0
2005  3 25     0.0
2005  3 26     0.0
2005  3 27     0.0
2005  3 28     0.0
2005  3 29     0.0
2005  3 30     0.0
2005  3 31     0.0
2005  4  1     0.0
2005  4  2    17.0
2005  4  3    16.0
2005  4  4     0.0
2005  4  5     0.0
2005  4  6     0.0
2005  4  7     0.0
2005  4  8     0.0
2005  4  9     0.0
2005  4 10     0.0
2005  4 11     0.0
2005  4 12     0.0
2005  4 13     0.0
2005  4 14     0.5
2005  4 15     0.0
2005  4 16     0.0
2005  4 17     0.0
2005  4 18     0.0
2005  5 31    36.8
2005  9 16     9.1
2005  9 17     0.0
2005  9 18     0.0
2005  9 19     0.0
2005  9 20     0.0
2005  9 21     0.0
2005  9 22     0.0
2005  9 23     0.0
2005  9 24     0.3
2005  9 25     0.0
2005  9 26     0.0
2005  9 27     0.0
2005  9 28     0.0
2005  9 29     0.0
2005  9 30     0.0
2005 10  1     0.0
2005 10  2    42.2
2005 10  3     0.0
2005 10  4     0.0
2005 10  5     0.0
2005 10  6     0.0
2005 10  7     0.0
2005 10  9     0.0
2005 10 10     0.0
2005 10 11    13.0
2005 10 12     0.0
2005 10 13     0.0
2005 10 14     0.0
2005 10 15     0.0
2005 10 16     0.5
2005 10 17     0.0
2005 10 18     0.0
2005 10 19     0.0
2005 10 20     0.0
2005 10 21     0.0
2005 10 22     0.0
2005 10 23     0.0
2005 10 24     0.0
2005 10 25     0.0
2005 10 26     0.0
2005 10 27     0.0
2005 10 29    13.0
2005 10 30     0.0
2005 10 31     0.0
2005 11  1     0.0
2005 11  2     0.0
2005 11  3    31.0
2005 11  4     3.0
2005 11  5     0.0
2005 11  6     0.5
2005 11  7     0.0
2005 11  8     0.0
2005 11  9     0.0
2005 11 10     0.0
2005 11 11     0.0
2005 11 12     0.0
2005 11 13     0.0
2005 11 14     0.0
2005 11 15     0.0
2005 11 16     0.0
2005 11 17     0.0
2005 11 19     4.1
2005 11 20    51.1
2005 11 21     0.0
2005 11 22     0.0
2005 11 23     0.0
2005 11 25     0.0
2005 11 26     0.0
2005 11 27     0.0
2005 11 30     0.0
2005 12  1     0.0
2005 12  2     0.0
2005 12  4     0.0
2005 12  5     0.0
2005 12  6     0.0
2005 12  7     0.0
2005 12  8     0.0
2005 12  9     0.0
2005 12 12     0.0
2005 12 13     0.0
2005 12 14     0.0
2005 12 15     6.9
2005 12 16     0.0
2005 12 17     0.0
2005 12 18    32.0
2005 12 19    20.8
2005 12 20     0.0
2005 12 21     0.0
2005 12 22     0.0
2005 12 23     0.0
2005 12 24     0.0
2005 12 25     0.0
2005 12 26     0.0
2005 12 27     3.0
2005 12 28    57.2
2005 12 29     2.0
2005 12 31     0.0
2006  1  2     0.0
2006  1  3     0.0
2006  1  4     0.0
2006  1  5     1.5
2006  1  6     6.6
2006  1  7     2.8
2006  1  8     0.0
2006  1  9     0.5
2006  1 11     0.0
2006  1 12     0.0
2006  1 13     3.0
2006  1 15     0.0
2006  1 19     5.1
2006  1 21     0.0
2006  1 22     3.0
2006  1 23    57.9
2006  1 24    47.0
2006  1 25    12.7
2006  1 26     0.0
2006  1 27     0.0
2006  1 28     0.0
2006  1 29     0.0
2006  1 30     0.0
2006  1 31     0.0
2006  2  1     0.0
2006  2  2     0.5
2006  2  3     0.0
2006  2  4     0.0
2006  2  5     0.0
2006  2  6    33.0
2006  2  7    30.0
2006  2  8    35.8
2006  2  9     0.0
2006  2 10    13.0
2006  2 11    22.1
2006  2 12    30.0
2006  2 14     0.0
2006  2 15     0.0
2006  2 16     0.0
2006  2 17     0.8
2006  2 18     4.1
2006  2 19     0.0
2006  2 20     0.0
2006  2 21     0.0
2006  2 22     0.0
2006  2 23     0.0
2006  2 24     0.0
2006  2 25     0.0
2006  2 26     0.0
2006  2 27     0.0
2006  2 28     0.0
2006  3  1     0.0
2006  3  2     0.0
2006  3  3     2.0
2006  3  4     0.0
2006  3  5     0.0
2006  3  6     0.0
2006  3  7     0.0
2006  3  8    22.1
2006  3  9     0.5
2006  3 10     0.0
2006  3 11     1.0
2006  3 12    32.0
2006  3 13    18.0
2006  3 14    33.8
2006  3 15     0.0
2006  3 16     0.0
2006  3 17     0.0
2006  3 18     4.1
2006  3 19     6.1
2006  3 20     0.0
2006  3 21     0.0
2006  3 22     0.0
2006  3 23     0.0
2006  3 24     0.0
2006  3 25     0.5
2006  3 26     0.0
2006  3 27     0.0
2006  3 28     0.0
2006  3 29     0.0
2006  3 30     0.0
2006  3 31     2.0
2006  4  1     0.0
2006  4  2     0.0
2006  4  3     0.0
2006  4  4     0.0
2006  4  5     0.0
2006  4  6     0.0
2006  4  7     0.0
2006  4  8     0.0
2006  4  9     0.0
2006  4 10     0.0
2006  4 11     0.0
2006  4 12     0.0
2006  4 13     0.5
2006  4 14     1.0
2006  4 15     2.8
2006  5  6     3.0
2006  5  7     0.5
2006  5 11     0.0
2006  5 13     0.0
2006  5 14     0.0
2006  6  4     0.0
2006  6  5     0.0
2006  6  6     0.0
2006  6  8     0.0
2006  6 10     0.0
2006  6 11     0.0
2006  6 12     0.0
2006  9 22     7.1
2006  9 23     0.0
2006  9 24    22.1
2006  9 25     0.0
2006  9 26     0.0
2006  9 27     0.0
2006  9 28     0.0
2006  9 29     2.0
2006  9 30     0.0
2006 10  1     0.0
2006 10  2     0.3
2006 10  3     0.0
2006 10  4     0.0
2006 10  5     0.0
2006 10  6     0.0
2006 10  7     0.0
2006 10  8     0.0
2006 10  9     0.0
2006 10 10     0.0
2006 10 11     7.9
2006 10 12    16.0
2006 10 13    36.3
2006 10 14     0.0
2006 10 15     0.0
2006 10 16     0.0
2006 10 17     7.9
2006 10 18    80.8
2006 10 19   157.5
2006 10 20     0.5
2006 10 21     0.0
2006 10 22     0.0
2006 10 23     0.0
2006 10 24     0.0
2006 10 25     0.0
2006 10 26     0.0
2006 10 27     0.0
2006 10 28     0.0
2006 10 29     0.0
2006 10 30    18.0
2006 10 31    69.9
2006 11  1    30.0
2006 11  2     1.8
2006 11  3     0.3
2006 11  4    67.3
2006 11  5     0.0
2006 11  6     0.0
2006 11  7     0.0
2006 11  8     0.0
2006 11  9     0.0
2006 11 10     0.0
2006 11 11     7.1
2006 11 12     0.5
2006 11 13     1.8
2006 11 14     0.0
2006 11 15     0.0
2006 11 16     0.0
2006 11 17     0.0
2006 11 18     0.0
2006 11 19     0.0
2006 11 21     2.3
2006 11 22     6.9
2006 11 23     0.5
2006 11 24     7.1
2006 11 25     0.0
2006 11 26     0.0
2006 11 27     0.0
2006 11 28     0.0
2006 11 29     0.0
2006 11 30     0.0
2006 12  1     0.0
2006 12  2     0.0
2006 12  3     0.0
2006 12  4     0.0
2006 12  5     1.0
2006 12  6     4.3
2006 12  7     4.6
2006 12  8     0.0
2006 12  9     0.0
2006 12 10     0.0
2006 12 11     0.0
2006 12 12     0.5
2006 12 13     0.0
2006 12 14     0.0
2006 12 15     0.0
2006 12 16     0.0
2006 12 17     0.0
2006 12 18     0.0
2006 12 19     0.3
2006 12 20     0.0
2006 12 21     0.0
2006 12 23     0.0
2006 12 24     0.0
2006 12 25     0.0
2006 12 26     0.0
2006 12 27     0.3
2006 12 28     0.0
2006 12 29     0.0
2006 12 30     0.3
2006 12 31    10.9
2007  1  1     0.0
2007  1  2     0.0
2007  1  4    90.4
2007  1  5    10.7
2007  1  6     0.5
2007  1  7     0.0
2007  1  8     0.0
2007  1  9     0.0
2007  1 10     0.0
2007  1 11     0.0
2007  1 12     0.0
2007  1 13     4.6
2007  1 14     3.6
2007  1 15     0.0
2007  1 16     0.0
2007  1 17     0.0
2007  1 18     0.0
2007  1 19     0.5
2007  1 20     0.0
2007  1 21     0.3
2007  1 22     0.0
2007  1 25     0.0
2007  1 27     0.0
2007  1 28    10.2
2007  1 29     0.5
2007  1 30     0.0
2007  1 31     0.0
2007  2  1     0.0
2007  2  2     1.0
2007  2  3    39.9
2007  2  4     0.0
2007  2  5     2.8
2007  2  6     8.1
2007  2  7     0.0
2007  2  8     0.0
2007  2  9     0.3
2007  2 10     0.0
2007  2 12     0.3
2007  2 13     7.1
2007  2 14     5.1
2007  2 15     1.5
2007  2 16     0.0
2007  2 17     4.3
2007  2 18     0.0
2007  2 19     0.0
2007  2 20     0.0
2007  2 21     0.0
2007  2 22     0.0
2007  2 23     0.0
2007  2 24     0.0
2007  2 26     0.0
2007  2 27     0.0
2007  3  1     0.0
2007  3  2     0.0
2007  3  3     0.0
2007  3  4     0.0
2007  3  5     0.0
2007  3  8     0.0
2007  3  9     0.0
2007  3 10     0.0
2007  3 12     0.0
2007  3 13     8.9
2007  3 14     0.0
2007  3 15     0.0
2007  3 16     0.0
2007  3 20     0.0
2007  3 21     0.0
2007  3 22     0.0
2007  3 23     2.0
2007  3 24     0.0
2007  3 26     0.0
2007  3 27     1.0
2007  3 28     0.0
2007  3 29     0.0
2007  3 30     0.0
2007  3 31    27.9
2007  4  2     0.0
2007  4  3     0.0
2007  4  4     0.0
2007  4  5     0.0
2007  4  6     0.0
2007  4  7     0.0
2007  4  8     0.0
2007  4  9     0.3
2007  4 10     1.8
2007  4 11     0.0
2007  4 12    10.2
2007  4 13     8.1
2007  4 14     0.0
2007  4 15     0.0
2007  4 16     0.0
2007  4 17     0.0
2007  4 18     0.0
2007  4 19     0.0
2007  4 20     0.0
2007  4 21     0.0
2007  4 22     0.0
2007  4 23     0.0
2007  4 24     0.0
2007  4 25     0.0
2007  4 27     0.0
2007  4 28     0.0
2007  4 29     2.0
2007  5  1     0.0
2007  5  2     3.3
2007  5  3     0.0
2007  5  4     0.0
2007  5  5     0.0
2007  5  6     0.0
2007  5  7     0.0
2007  5  8     0.0
2007  5  9     0.0
2007  5 10     0.3
2007  5 29     4.3
2007  5 30     0.0
2007  5 31     0.0
2007  6  1     0.0
2007  6  2     0.0
2007  6  3     0.0
2007  6  4     0.0
2007  6  5     0.0
2007  6  6     0.0
2007  6  7     0.5
2007  6  8     1.0
2007  6  9     0.0
2007  6 10     3.0
2007  6 11     0.0
2007  6 12     0.0
2007  6 13     0.0
2007  6 14     0.0
2007  6 15     0.0
2007  6 16     0.0
2007  6 17     0.0
2007  6 18     0.0
2007  6 19     0.3
2007  6 20     0.0
2007  6 21     0.0
2007  6 22     0.0
2007  6 23     0.0
2007  6 24     0.0
2007  6 25     0.0
2007  6 26     0.0
2007  6 27     0.0
2007  6 28     0.0
2007  6 29     0.0
2007  6 30     0.0
2007 10  4    14.0
2007 10  5     0.0
2007 10  6     0.0
2007 10  7     0.0
2007 10  8     0.0
2007 10  9     0.0
2007 10 10     0.0
2007 10 11     0.0
2007 10 12     0.0
2007 10 13     0.0
2007 10 14     0.0
2007 10 15     0.3
2007 10 16     0.0
2007 10 18     0.0
2007 10 19     0.0
2007 10 20     0.0
2007 10 21     1.5
2007 10 22    39.1
2007 10 23    38.4
2007 10 24     0.0
2007 10 25     0.0
2007 10 26     0.0
2007 10 27     0.0
2007 10 28     0.0
2007 10 29     0.0
2007 10 30     0.0
2007 10 31     0.0
2007 11  1     0.0
2007 11  2     0.0
2007 11  3     0.0
2007 11  4     0.0
2007 11  5     1.5
2007 11  6    22.4
2007 11  7     5.8
2007 11  8     0.0
2007 11  9     0.3
2007 11 10     0.0
2007 11 11    20.3
2007 11 12     0.0
2007 11 13    33.5
2007 11 14   103.4
2007 11 15     1.5
2007 11 16    23.4
2007 11 17     0.0
2007 11 19     8.1
2007 11 20     4.1
2007 11 21     0.0
2007 11 23     0.0
2007 11 24     0.0
2007 11 25     0.0
2007 11 26     0.0
2007 11 27     0.0
2007 11 28     0.0
2007 11 29     0.0
2007 11 30     0.5
2007 12  1     4.1
2007 12  2     1.5
2007 12  3     0.0
2007 12  4    22.1
2007 12  5    38.1
2007 12  6    21.6
2007 12  7     0.0
2007 12  8     0.0
2007 12  9     0.5
2007 12 10    78.0
2007 12 11     2.0
2007 12 12     8.4
2007 12 13     9.9
2007 12 14     3.6
2007 12 15     0.0
2007 12 16    15.5
2007 12 17     0.0
2007 12 18     0.0
2007 12 19     0.0
2007 12 20     0.0
2007 12 21     0.0
2007 12 22     0.0
2007 12 24     0.0
2007 12 25     0.0
2007 12 26     0.0
2007 12 27     0.0
2007 12 28     0.0
2007 12 29     0.0
2007 12 30     0.0
2007 12 31     0.0
2008  1  1     0.0
2008  1  2     2.8
2008  1  3     6.9
2008  1  4     0.0
2008  1  5     0.0
2008  1  6     0.0
2008  1  8     0.0
2008  1  9     0.5
2008  1 10     0.0
2008  1 11     0.0
2008  1 12     0.0
2008  1 13     0.0
2008  1 14     0.0
2008  1 15     5.1
2008  1 16     0.0
2008  1 17     0.5
2008  1 18     7.9
2008  1 19     0.0
2008  1 20     0.0
2008  1 21     0.0
2008  1 22     0.0
2008  1 23     0.0
2008  1 24     0.0
2008  1 25     0.0
2008  1 26     0.0
2008  1 27     0.0
2008  1 28     3.0
2008  1 29    10.9
2008  1 30     0.0
2008  1 31     0.0
2008  2  1     0.0
2008  2  2     0.0
2008  2  3     0.0
2008  2  4     0.0
2008  2  5     0.0
2008  2  6     0.0
2008  2  7     0.0
2008  2  8     0.0
2008  2  9    12.7
2008  2 10     0.0
2008  2 11    64.3
2008  2 12     1.8
2008  2 13     0.8
2008  2 14     0.0
2008  2 16     0.5
2008  2 17    39.4
2008  2 18     0.0
2008  2 19     2.8
2008  2 20     0.0
2008  2 21     0.0
2008  2 23     0.0
2008  2 24     0.0
2008  2 25     0.0
2008  2 26     0.0
2008  2 27     0.0
2008  2 28     0.0
2008  2 29     0.0
2008  3  1     0.0
2008  3  2     6.1
2008  3  3     0.0
2008  3  4     0.0
2008  3  5     0.0
2008  3  6     0.0
2008  3  7     0.0
2008  3  8     0.0
2008  3  9     0.0
2008  3 10     0.0
2008  3 11     0.0
2008  3 12     5.1
2008  3 13     0.0
2008  3 14     0.0
2008  3 15     0.0
2008  3 16     0.0
2008  3 17     0.0
2008  3 18     0.0
2008  3 19     0.0
2008  3 20     0.0
2008  3 21     0.5
2008  3 22     0.0
2008  3 23     0.0
2008  3 24     0.0
2008  3 25     0.8
2008  3 26     0.0
2008  3 27     0.0
2008  3 28     2.0
2008  3 29     5.8
2008  3 30     0.0
2008  3 31     7.1
2008  4  1    11.4
2008  4  2     1.8
2008  4  3     0.0
2008  4  4     3.6
2008  4  5     0.0
2008  4  7     0.0
2008  4  8     0.0
2008  4  9     0.0
2008  4 28     2.3
2008  4 29     0.0
2008  4 30     0.8
2008  5  1     0.0
2008  5  2     0.0
2008  5  3     0.0
2008  5  4     0.0
2008  5  5     0.0
2008  5  6     0.0
2008  5  7     2.0
2008  5  8     1.0
2008  5  9     0.0
2008  5 10     0.0
2008  5 11     0.0
2008  5 12     0.0
2008  5 13     0.0
2008  5 14     1.0
2008  5 15     0.0
2008  5 16     0.5
2008  5 17     0.0
2008  5 18     0.0
2008  5 19     0.0
2008  5 20     0.0
2008  5 21     0.0
2008  5 22     0.0
2008  5 23     0.0
2008  5 24     0.0
2008  5 25     0.0
2008  9 21    30.5
2008  9 22    18.5
2008  9 23     0.3
2008  9 24     0.0
2008  9 25     0.0
2008 10 11     0.3
2008 10 12     0.0
2008 10 13     0.0
2008 10 14    21.1
2008 10 15     2.0
2008 10 16     0.0
2008 10 17     0.0
2008 10 18     0.0
2008 10 19     0.0
2008 10 20     0.0
2008 10 21     0.0
2008 10 22     0.0
2008 10 23     2.3
2008 10 24     0.0
2008 10 25     0.0
2008 10 26     0.0
2008 11 12     0.8
2008 11 13     0.0
2008 11 14     0.0
2008 11 15     0.0
2008 11 16     0.0
2008 11 17     0.0
2008 11 18     0.0
2008 11 19    23.1
2008 11 20    10.7
2008 11 21     0.0
2008 11 22    11.2
2008 11 23    67.3
2008 11 24    22.4
2008 12 13     0.3
2008 12 14     0.0
2008 12 15     0.0
2008 12 16     0.0
2008 12 17     0.0
2008 12 18     0.0
2008 12 19     0.0
2008 12 20     1.5
2008 12 21     7.1
2008 12 22     2.3
2008 12 23    34.3
2008 12 24    22.6
2008 12 25     0.0
2008 12 26     0.0
2008 12 27     0.0
2008 12 28    16.0
2008 12 29     8.9
2008 12 30     0.3
2008 12 31     0.0
2009  1  1     0.0
2009  1  2     0.0
2009  1  3     0.0
2009  1  4     0.0
2009  1  5    35.6
2009  1  6    13.5
2009  1  7     3.3
2009  1  8     0.0
2009  1  9     0.0
2009  1 10     0.0
2009  1 11     0.0
2009  1 12     0.0
2009  1 13     0.0
2009  1 14     0.0
2009  1 15     0.0
2009  1 16     0.8
2009  1 17    33.0
2009  1 18     0.0
2009  1 19     0.0
2009  1 20     0.0
2009  1 21     0.0
2009  1 22     0.0
2009  1 23     9.9
2009  1 24    27.4
2009  1 25    12.4
2009  1 26    50.5
2009  1 27     0.0
2009  1 28     6.1
2009  1 29    20.1
2009  1 30     0.0
2009  1 31     0.0
2009  2  1     0.0
2009  2  2     0.5
2009  2  3     0.0
2009  2  4     0.0
2009  2  5     1.0
2009  2  7     0.0
2009  2  8     0.3
2009  2  9    26.9
2009  2 10    13.7
2009  2 11     0.0
2009  2 12     4.1
2009  2 13     0.0
2009  2 14     8.9
2009  2 15    20.3
2009  2 16     1.5
2009  2 17     0.0
2009  2 18     0.5
2009  2 19     7.6
2009  2 20    22.6
2009  2 21     3.6
2009  2 22     0.0
2009  2 23     0.8
2009  2 24    21.1
2009  2 25     0.0
2009  2 26    53.1
2009  2 27    14.2
2009  2 28     0.0
2009  3  1     0.0
2009  3  3     0.8
2009  3  4     0.0
2009  3  5     0.0
2009  3  6     0.0
2009  3  7     0.0
2009  3  8     0.0
2009  3  9     0.5
2009  3 10     0.0
2009  3 11     0.0
2009  3 12     0.0
2009  3 13     9.9
2009  3 14    13.7
2009  3 15     0.0
2009  3 16     0.0
2009  3 17     0.0
2009  3 18     0.8
2009  3 19    22.1
2009  3 20     0.0
2009  3 21     0.0
2009  3 22     0.5
2009  3 23     1.8
2009  3 24     0.0
2009  3 25     2.0
2009  3 26     3.6
2009  3 27     1.0
2009  3 28     0.0
2009  3 29     0.0
2009  3 30     0.0
2009  3 31     0.0
2009  4  1     0.0
2009  4  2     0.0
2009  4  3     0.0
2009  4  5     2.3
2009  4  6     7.4
2009  4  7    13.0
2009  4  8    11.4
2009  4  9     0.0
2009  4 10     0.0
2009  4 11     0.0
2009  4 12     0.0
2009  4 13     0.0
2009  4 14     0.0
2009  4 15     0.0
2009  5  4     5.3
2009  5  5    11.4
2009  5  6     1.8
2009  5  7     0.0
2009  5  8     0.3
2009  5  9     0.0
2009  5 10     0.0
2009  5 11     0.0
2009  5 12     0.0
2009  5 13     0.0
2009  5 14     0.0
2009  5 15     0.0
2009  5 16     0.0
2009  5 17     0.0
2009  5 18     0.0
2009  5 19     0.0
2009  5 20     0.0
2009  5 21     1.5
2009  7  8     0.3
2009  7  9     0.0
2009  7 10     0.0
2009  7 11     0.0
2009  7 12     0.0
2009  9  8     0.5
2009  9  9     6.6
2009  9 10     0.3
2009  9 11     0.0
2009  9 12    21.8
2009  9 13    54.1
2009  9 14     0.0
2009  9 15     0.0
2009  9 16     0.0
2009  9 17     0.0
2009  9 18    13.0
2009  9 19     0.0
2009  9 20     0.3
2009  9 21     0.0
2009  9 22     0.0
2009  9 23     0.0
2009  9 24     0.0
2009  9 25     0.0
2011  1  1     0.0
2011  1  2     0.0
2011  1  3     0.0
2011  1  4    38.1
2011  1  5     0.0
2011  1  6     2.3
2011  1  7     0.0
2011  1  8     0.0
2011  1  9     0.0
2011  1 10     0.0
2011  1 11     0.0
2011  1 12     2.3
2011  1 13    21.3
2011  1 14     0.0
2011  1 15     0.0
2011  1 16     0.0
2011  1 17     1.0
2011  1 18     0.0
2011  1 19     0.0
2011  1 20     0.0
2011  1 21     3.0
2011  1 22    10.9
2011  1 23     0.5
